=============== USING GREEDY ===============
Step: 1
State:
1	2	3	4	5	6	7	8	9	
10	11	12	13	14	15	16	17	18	
19	20	21	22	23	24	25	26	27	
28	29	30	31	32	33	34	35	36	
37	38	39	40	41	42	43	44	45	
46	47	48	49	50	51	52	53	54	
55	56	57	58	59		61	62	63	
64	65	66	67	68	60	71	79	72	
73	74	75	76	77	69	78	70	80	

Step: 2
State:
1	2	3	4	5	6	7	8	9	
10	11	12	13	14	15	16	17	18	
19	20	21	22	23	24	25	26	27	
28	29	30	31	32	33	34	35	36	
37	38	39	40	41	42	43	44	45	
46	47	48	49	50	51	52	53	54	
55	56	57	58	59	60	61	62	63	
64	65	66	67	68		71	79	72	
73	74	75	76	77	69	78	70	80	

Step: 3
State:
1	2	3	4	5	6	7	8	9	
10	11	12	13	14	15	16	17	18	
19	20	21	22	23	24	25	26	27	
28	29	30	31	32	33	34	35	36	
37	38	39	40	41	42	43	44	45	
46	47	48	49	50	51	52	53	54	
55	56	57	58	59	60	61	62	63	
64	65	66	67	68	69	71	79	72	
73	74	75	76	77		78	70	80	

Step: 4
State:
1	2	3	4	5	6	7	8	9	
10	11	12	13	14	15	16	17	18	
19	20	21	22	23	24	25	26	27	
28	29	30	31	32	33	34	35	36	
37	38	39	40	41	42	43	44	45	
46	47	48	49	50	51	52	53	54	
55	56	57	58	59	60	61	62	63	
64	65	66	67	68	69	71	79	72	
73	74	75	76	77	78		70	80	

Step: 5
State:
1	2	3	4	5	6	7	8	9	
10	11	12	13	14	15	16	17	18	
19	20	21	22	23	24	25	26	27	
28	29	30	31	32	33	34	35	36	
37	38	39	40	41	42	43	44	45	
46	47	48	49	50	51	52	53	54	
55	56	57	58	59	60	61	62	63	
64	65	66	67	68	69	71	79	72	
73	74	75	76	77	78	70		80	

Step: 6
State:
1	2	3	4	5	6	7	8	9	
10	11	12	13	14	15	16	17	18	
19	20	21	22	23	24	25	26	27	
28	29	30	31	32	33	34	35	36	
37	38	39	40	41	42	43	44	45	
46	47	48	49	50	51	52	53	54	
55	56	57	58	59	60	61	62	63	
64	65	66	67	68	69	71	79	72	
73	74	75	76	77	78	70	80		

Step: 7
State:
1	2	3	4	5	6	7	8	9	
10	11	12	13	14	15	16	17	18	
19	20	21	22	23	24	25	26	27	
28	29	30	31	32	33	34	35	36	
37	38	39	40	41	42	43	44	45	
46	47	48	49	50	51	52	53	54	
55	56	57	58	59	60	61	62	63	
64	65	66	67	68	69	71	79		
73	74	75	76	77	78	70	80	72	

Step: 8
State:
1	2	3	4	5	6	7	8	9	
10	11	12	13	14	15	16	17	18	
19	20	21	22	23	24	25	26	27	
28	29	30	31	32	33	34	35	36	
37	38	39	40	41	42	43	44	45	
46	47	48	49	50	51	52	53	54	
55	56	57	58	59	60	61	62		
64	65	66	67	68	69	71	79	63	
73	74	75	76	77	78	70	80	72	

Step: 9
State:
1	2	3	4	5	6	7	8	9	
10	11	12	13	14	15	16	17	18	
19	20	21	22	23	24	25	26	27	
28	29	30	31	32	33	34	35	36	
37	38	39	40	41	42	43	44	45	
46	47	48	49	50	51	52	53		
55	56	57	58	59	60	61	62	54	
64	65	66	67	68	69	71	79	63	
73	74	75	76	77	78	70	80	72	

Step: 10
State:
1	2	3	4	5	6	7	8	9	
10	11	12	13	14	15	16	17	18	
19	20	21	22	23	24	25	26	27	
28	29	30	31	32	33	34	35	36	
37	38	39	40	41	42	43	44		
46	47	48	49	50	51	52	53	45	
55	56	57	58	59	60	61	62	54	
64	65	66	67	68	69	71	79	63	
73	74	75	76	77	78	70	80	72	

Step: 11
State:
1	2	3	4	5	6	7	8	9	
10	11	12	13	14	15	16	17	18	
19	20	21	22	23	24	25	26	27	
28	29	30	31	32	33	34	35		
37	38	39	40	41	42	43	44	36	
46	47	48	49	50	51	52	53	45	
55	56	57	58	59	60	61	62	54	
64	65	66	67	68	69	71	79	63	
73	74	75	76	77	78	70	80	72	

Step: 12
State:
1	2	3	4	5	6	7	8	9	
10	11	12	13	14	15	16	17	18	
19	20	21	22	23	24	25	26		
28	29	30	31	32	33	34	35	27	
37	38	39	40	41	42	43	44	36	
46	47	48	49	50	51	52	53	45	
55	56	57	58	59	60	61	62	54	
64	65	66	67	68	69	71	79	63	
73	74	75	76	77	78	70	80	72	

Step: 13
State:
1	2	3	4	5	6	7	8	9	
10	11	12	13	14	15	16	17		
19	20	21	22	23	24	25	26	18	
28	29	30	31	32	33	34	35	27	
37	38	39	40	41	42	43	44	36	
46	47	48	49	50	51	52	53	45	
55	56	57	58	59	60	61	62	54	
64	65	66	67	68	69	71	79	63	
73	74	75	76	77	78	70	80	72	

Step: 14
State:
1	2	3	4	5	6	7	8		
10	11	12	13	14	15	16	17	9	
19	20	21	22	23	24	25	26	18	
28	29	30	31	32	33	34	35	27	
37	38	39	40	41	42	43	44	36	
46	47	48	49	50	51	52	53	45	
55	56	57	58	59	60	61	62	54	
64	65	66	67	68	69	71	79	63	
73	74	75	76	77	78	70	80	72	

Step: 15
State:
1	2	3	4	5	6	7		8	
10	11	12	13	14	15	16	17	9	
19	20	21	22	23	24	25	26	18	
28	29	30	31	32	33	34	35	27	
37	38	39	40	41	42	43	44	36	
46	47	48	49	50	51	52	53	45	
55	56	57	58	59	60	61	62	54	
64	65	66	67	68	69	71	79	63	
73	74	75	76	77	78	70	80	72	

Step: 16
State:
1	2	3	4	5	6	7	17	8	
10	11	12	13	14	15	16		9	
19	20	21	22	23	24	25	26	18	
28	29	30	31	32	33	34	35	27	
37	38	39	40	41	42	43	44	36	
46	47	48	49	50	51	52	53	45	
55	56	57	58	59	60	61	62	54	
64	65	66	67	68	69	71	79	63	
73	74	75	76	77	78	70	80	72	

Step: 17
State:
1	2	3	4	5	6	7	17	8	
10	11	12	13	14	15	16	26	9	
19	20	21	22	23	24	25		18	
28	29	30	31	32	33	34	35	27	
37	38	39	40	41	42	43	44	36	
46	47	48	49	50	51	52	53	45	
55	56	57	58	59	60	61	62	54	
64	65	66	67	68	69	71	79	63	
73	74	75	76	77	78	70	80	72	

Step: 18
State:
1	2	3	4	5	6	7	17	8	
10	11	12	13	14	15	16	26	9	
19	20	21	22	23	24	25	35	18	
28	29	30	31	32	33	34		27	
37	38	39	40	41	42	43	44	36	
46	47	48	49	50	51	52	53	45	
55	56	57	58	59	60	61	62	54	
64	65	66	67	68	69	71	79	63	
73	74	75	76	77	78	70	80	72	

Step: 19
State:
1	2	3	4	5	6	7	17	8	
10	11	12	13	14	15	16	26	9	
19	20	21	22	23	24	25	35	18	
28	29	30	31	32	33	34	44	27	
37	38	39	40	41	42	43		36	
46	47	48	49	50	51	52	53	45	
55	56	57	58	59	60	61	62	54	
64	65	66	67	68	69	71	79	63	
73	74	75	76	77	78	70	80	72	

Step: 20
State:
1	2	3	4	5	6	7	17	8	
10	11	12	13	14	15	16	26	9	
19	20	21	22	23	24	25	35	18	
28	29	30	31	32	33	34	44	27	
37	38	39	40	41	42	43	53	36	
46	47	48	49	50	51	52		45	
55	56	57	58	59	60	61	62	54	
64	65	66	67	68	69	71	79	63	
73	74	75	76	77	78	70	80	72	

Step: 21
State:
1	2	3	4	5	6	7	17	8	
10	11	12	13	14	15	16	26	9	
19	20	21	22	23	24	25	35	18	
28	29	30	31	32	33	34	44	27	
37	38	39	40	41	42	43	53	36	
46	47	48	49	50	51	52	62	45	
55	56	57	58	59	60	61		54	
64	65	66	67	68	69	71	79	63	
73	74	75	76	77	78	70	80	72	

Step: 22
State:
1	2	3	4	5	6	7	17	8	
10	11	12	13	14	15	16	26	9	
19	20	21	22	23	24	25	35	18	
28	29	30	31	32	33	34	44	27	
37	38	39	40	41	42	43	53	36	
46	47	48	49	50	51	52	62	45	
55	56	57	58	59	60	61	79	54	
64	65	66	67	68	69	71		63	
73	74	75	76	77	78	70	80	72	

Step: 23
State:
1	2	3	4	5	6	7	17	8	
10	11	12	13	14	15	16	26	9	
19	20	21	22	23	24	25	35	18	
28	29	30	31	32	33	34	44	27	
37	38	39	40	41	42	43	53	36	
46	47	48	49	50	51	52	62	45	
55	56	57	58	59	60	61	79	54	
64	65	66	67	68	69	71	80	63	
73	74	75	76	77	78	70		72	

Step: 24
State:
1	2	3	4	5	6	7	17	8	
10	11	12	13	14	15	16	26	9	
19	20	21	22	23	24	25	35	18	
28	29	30	31	32	33	34	44	27	
37	38	39	40	41	42	43	53	36	
46	47	48	49	50	51	52	62	45	
55	56	57	58	59	60	61	79	54	
64	65	66	67	68	69	71	80	63	
73	74	75	76	77	78	70	72		

Step: 25
State:
1	2	3	4	5	6	7	17	8	
10	11	12	13	14	15	16	26	9	
19	20	21	22	23	24	25	35	18	
28	29	30	31	32	33	34	44	27	
37	38	39	40	41	42	43	53	36	
46	47	48	49	50	51	52	62	45	
55	56	57	58	59	60	61	79	54	
64	65	66	67	68	69	71	80		
73	74	75	76	77	78	70	72	63	

Step: 26
State:
1	2	3	4	5	6	7	17	8	
10	11	12	13	14	15	16	26	9	
19	20	21	22	23	24	25	35	18	
28	29	30	31	32	33	34	44	27	
37	38	39	40	41	42	43	53	36	
46	47	48	49	50	51	52	62	45	
55	56	57	58	59	60	61	79		
64	65	66	67	68	69	71	80	54	
73	74	75	76	77	78	70	72	63	

Step: 27
State:
1	2	3	4	5	6	7	17	8	
10	11	12	13	14	15	16	26	9	
19	20	21	22	23	24	25	35	18	
28	29	30	31	32	33	34	44	27	
37	38	39	40	41	42	43	53	36	
46	47	48	49	50	51	52	62		
55	56	57	58	59	60	61	79	45	
64	65	66	67	68	69	71	80	54	
73	74	75	76	77	78	70	72	63	

Step: 28
State:
1	2	3	4	5	6	7	17	8	
10	11	12	13	14	15	16	26	9	
19	20	21	22	23	24	25	35	18	
28	29	30	31	32	33	34	44	27	
37	38	39	40	41	42	43	53		
46	47	48	49	50	51	52	62	36	
55	56	57	58	59	60	61	79	45	
64	65	66	67	68	69	71	80	54	
73	74	75	76	77	78	70	72	63	

Step: 29
State:
1	2	3	4	5	6	7	17	8	
10	11	12	13	14	15	16	26	9	
19	20	21	22	23	24	25	35	18	
28	29	30	31	32	33	34	44		
37	38	39	40	41	42	43	53	27	
46	47	48	49	50	51	52	62	36	
55	56	57	58	59	60	61	79	45	
64	65	66	67	68	69	71	80	54	
73	74	75	76	77	78	70	72	63	

Step: 30
State:
1	2	3	4	5	6	7	17	8	
10	11	12	13	14	15	16	26	9	
19	20	21	22	23	24	25	35		
28	29	30	31	32	33	34	44	18	
37	38	39	40	41	42	43	53	27	
46	47	48	49	50	51	52	62	36	
55	56	57	58	59	60	61	79	45	
64	65	66	67	68	69	71	80	54	
73	74	75	76	77	78	70	72	63	

Step: 31
State:
1	2	3	4	5	6	7	17	8	
10	11	12	13	14	15	16	26		
19	20	21	22	23	24	25	35	9	
28	29	30	31	32	33	34	44	18	
37	38	39	40	41	42	43	53	27	
46	47	48	49	50	51	52	62	36	
55	56	57	58	59	60	61	79	45	
64	65	66	67	68	69	71	80	54	
73	74	75	76	77	78	70	72	63	

Step: 32
State:
1	2	3	4	5	6	7	17		
10	11	12	13	14	15	16	26	8	
19	20	21	22	23	24	25	35	9	
28	29	30	31	32	33	34	44	18	
37	38	39	40	41	42	43	53	27	
46	47	48	49	50	51	52	62	36	
55	56	57	58	59	60	61	79	45	
64	65	66	67	68	69	71	80	54	
73	74	75	76	77	78	70	72	63	

Step: 33
State:
1	2	3	4	5	6	7		17	
10	11	12	13	14	15	16	26	8	
19	20	21	22	23	24	25	35	9	
28	29	30	31	32	33	34	44	18	
37	38	39	40	41	42	43	53	27	
46	47	48	49	50	51	52	62	36	
55	56	57	58	59	60	61	79	45	
64	65	66	67	68	69	71	80	54	
73	74	75	76	77	78	70	72	63	

Step: 34
State:
1	2	3	4	5	6	7	26	17	
10	11	12	13	14	15	16		8	
19	20	21	22	23	24	25	35	9	
28	29	30	31	32	33	34	44	18	
37	38	39	40	41	42	43	53	27	
46	47	48	49	50	51	52	62	36	
55	56	57	58	59	60	61	79	45	
64	65	66	67	68	69	71	80	54	
73	74	75	76	77	78	70	72	63	

Step: 35
State:
1	2	3	4	5	6	7	26	17	
10	11	12	13	14	15	16	8		
19	20	21	22	23	24	25	35	9	
28	29	30	31	32	33	34	44	18	
37	38	39	40	41	42	43	53	27	
46	47	48	49	50	51	52	62	36	
55	56	57	58	59	60	61	79	45	
64	65	66	67	68	69	71	80	54	
73	74	75	76	77	78	70	72	63	

Step: 36
State:
1	2	3	4	5	6	7	26	17	
10	11	12	13	14	15	16	8	9	
19	20	21	22	23	24	25	35		
28	29	30	31	32	33	34	44	18	
37	38	39	40	41	42	43	53	27	
46	47	48	49	50	51	52	62	36	
55	56	57	58	59	60	61	79	45	
64	65	66	67	68	69	71	80	54	
73	74	75	76	77	78	70	72	63	

Step: 37
State:
1	2	3	4	5	6	7	26	17	
10	11	12	13	14	15	16	8	9	
19	20	21	22	23	24	25	35	18	
28	29	30	31	32	33	34	44		
37	38	39	40	41	42	43	53	27	
46	47	48	49	50	51	52	62	36	
55	56	57	58	59	60	61	79	45	
64	65	66	67	68	69	71	80	54	
73	74	75	76	77	78	70	72	63	

Step: 38
State:
1	2	3	4	5	6	7	26	17	
10	11	12	13	14	15	16	8	9	
19	20	21	22	23	24	25	35	18	
28	29	30	31	32	33	34	44	27	
37	38	39	40	41	42	43	53		
46	47	48	49	50	51	52	62	36	
55	56	57	58	59	60	61	79	45	
64	65	66	67	68	69	71	80	54	
73	74	75	76	77	78	70	72	63	

Step: 39
State:
1	2	3	4	5	6	7	26	17	
10	11	12	13	14	15	16	8	9	
19	20	21	22	23	24	25	35	18	
28	29	30	31	32	33	34	44	27	
37	38	39	40	41	42	43	53	36	
46	47	48	49	50	51	52	62		
55	56	57	58	59	60	61	79	45	
64	65	66	67	68	69	71	80	54	
73	74	75	76	77	78	70	72	63	

Step: 40
State:
1	2	3	4	5	6	7	26	17	
10	11	12	13	14	15	16	8	9	
19	20	21	22	23	24	25	35	18	
28	29	30	31	32	33	34	44	27	
37	38	39	40	41	42	43	53	36	
46	47	48	49	50	51	52	62	45	
55	56	57	58	59	60	61	79		
64	65	66	67	68	69	71	80	54	
73	74	75	76	77	78	70	72	63	

Step: 41
State:
1	2	3	4	5	6	7	26	17	
10	11	12	13	14	15	16	8	9	
19	20	21	22	23	24	25	35	18	
28	29	30	31	32	33	34	44	27	
37	38	39	40	41	42	43	53	36	
46	47	48	49	50	51	52	62	45	
55	56	57	58	59	60	61	79	54	
64	65	66	67	68	69	71	80		
73	74	75	76	77	78	70	72	63	

Step: 42
State:
1	2	3	4	5	6	7	26	17	
10	11	12	13	14	15	16	8	9	
19	20	21	22	23	24	25	35	18	
28	29	30	31	32	33	34	44	27	
37	38	39	40	41	42	43	53	36	
46	47	48	49	50	51	52	62	45	
55	56	57	58	59	60	61	79	54	
64	65	66	67	68	69	71	80	63	
73	74	75	76	77	78	70	72		

Step: 43
State:
1	2	3	4	5	6	7	26	17	
10	11	12	13	14	15	16	8	9	
19	20	21	22	23	24	25	35	18	
28	29	30	31	32	33	34	44	27	
37	38	39	40	41	42	43	53	36	
46	47	48	49	50	51	52	62	45	
55	56	57	58	59	60	61	79	54	
64	65	66	67	68	69	71	80	63	
73	74	75	76	77	78	70		72	

Step: 44
State:
1	2	3	4	5	6	7	26	17	
10	11	12	13	14	15	16	8	9	
19	20	21	22	23	24	25	35	18	
28	29	30	31	32	33	34	44	27	
37	38	39	40	41	42	43	53	36	
46	47	48	49	50	51	52	62	45	
55	56	57	58	59	60	61	79	54	
64	65	66	67	68	69	71		63	
73	74	75	76	77	78	70	80	72	

Step: 45
State:
1	2	3	4	5	6	7	26	17	
10	11	12	13	14	15	16	8	9	
19	20	21	22	23	24	25	35	18	
28	29	30	31	32	33	34	44	27	
37	38	39	40	41	42	43	53	36	
46	47	48	49	50	51	52	62	45	
55	56	57	58	59	60	61		54	
64	65	66	67	68	69	71	79	63	
73	74	75	76	77	78	70	80	72	

Step: 46
State:
1	2	3	4	5	6	7	26	17	
10	11	12	13	14	15	16	8	9	
19	20	21	22	23	24	25	35	18	
28	29	30	31	32	33	34	44	27	
37	38	39	40	41	42	43	53	36	
46	47	48	49	50	51	52		45	
55	56	57	58	59	60	61	62	54	
64	65	66	67	68	69	71	79	63	
73	74	75	76	77	78	70	80	72	

Step: 47
State:
1	2	3	4	5	6	7	26	17	
10	11	12	13	14	15	16	8	9	
19	20	21	22	23	24	25	35	18	
28	29	30	31	32	33	34	44	27	
37	38	39	40	41	42	43		36	
46	47	48	49	50	51	52	53	45	
55	56	57	58	59	60	61	62	54	
64	65	66	67	68	69	71	79	63	
73	74	75	76	77	78	70	80	72	

Step: 48
State:
1	2	3	4	5	6	7	26	17	
10	11	12	13	14	15	16	8	9	
19	20	21	22	23	24	25	35	18	
28	29	30	31	32	33	34		27	
37	38	39	40	41	42	43	44	36	
46	47	48	49	50	51	52	53	45	
55	56	57	58	59	60	61	62	54	
64	65	66	67	68	69	71	79	63	
73	74	75	76	77	78	70	80	72	

Step: 49
State:
1	2	3	4	5	6	7	26	17	
10	11	12	13	14	15	16	8	9	
19	20	21	22	23	24	25		18	
28	29	30	31	32	33	34	35	27	
37	38	39	40	41	42	43	44	36	
46	47	48	49	50	51	52	53	45	
55	56	57	58	59	60	61	62	54	
64	65	66	67	68	69	71	79	63	
73	74	75	76	77	78	70	80	72	

Step: 50
State:
1	2	3	4	5	6	7	26	17	
10	11	12	13	14	15	16	8	9	
19	20	21	22	23	24	25	18		
28	29	30	31	32	33	34	35	27	
37	38	39	40	41	42	43	44	36	
46	47	48	49	50	51	52	53	45	
55	56	57	58	59	60	61	62	54	
64	65	66	67	68	69	71	79	63	
73	74	75	76	77	78	70	80	72	

Step: 51
State:
1	2	3	4	5	6	7	26	17	
10	11	12	13	14	15	16	8	9	
19	20	21	22	23	24	25	18	27	
28	29	30	31	32	33	34	35		
37	38	39	40	41	42	43	44	36	
46	47	48	49	50	51	52	53	45	
55	56	57	58	59	60	61	62	54	
64	65	66	67	68	69	71	79	63	
73	74	75	76	77	78	70	80	72	

Step: 52
State:
1	2	3	4	5	6	7	26	17	
10	11	12	13	14	15	16	8	9	
19	20	21	22	23	24	25	18	27	
28	29	30	31	32	33	34	35	36	
37	38	39	40	41	42	43	44		
46	47	48	49	50	51	52	53	45	
55	56	57	58	59	60	61	62	54	
64	65	66	67	68	69	71	79	63	
73	74	75	76	77	78	70	80	72	

Step: 53
State:
1	2	3	4	5	6	7	26	17	
10	11	12	13	14	15	16	8	9	
19	20	21	22	23	24	25	18	27	
28	29	30	31	32	33	34	35	36	
37	38	39	40	41	42	43	44	45	
46	47	48	49	50	51	52	53		
55	56	57	58	59	60	61	62	54	
64	65	66	67	68	69	71	79	63	
73	74	75	76	77	78	70	80	72	

Step: 54
State:
1	2	3	4	5	6	7	26	17	
10	11	12	13	14	15	16	8	9	
19	20	21	22	23	24	25	18	27	
28	29	30	31	32	33	34	35	36	
37	38	39	40	41	42	43	44	45	
46	47	48	49	50	51	52	53	54	
55	56	57	58	59	60	61	62		
64	65	66	67	68	69	71	79	63	
73	74	75	76	77	78	70	80	72	

Step: 55
State:
1	2	3	4	5	6	7	26	17	
10	11	12	13	14	15	16	8	9	
19	20	21	22	23	24	25	18	27	
28	29	30	31	32	33	34	35	36	
37	38	39	40	41	42	43	44	45	
46	47	48	49	50	51	52	53	54	
55	56	57	58	59	60	61	62	63	
64	65	66	67	68	69	71	79		
73	74	75	76	77	78	70	80	72	

Step: 56
State:
1	2	3	4	5	6	7	26	17	
10	11	12	13	14	15	16	8	9	
19	20	21	22	23	24	25	18	27	
28	29	30	31	32	33	34	35	36	
37	38	39	40	41	42	43	44	45	
46	47	48	49	50	51	52	53	54	
55	56	57	58	59	60	61	62	63	
64	65	66	67	68	69	71	79	72	
73	74	75	76	77	78	70	80		

Step: 57
State:
1	2	3	4	5	6	7	26	17	
10	11	12	13	14	15	16	8	9	
19	20	21	22	23	24	25	18	27	
28	29	30	31	32	33	34	35	36	
37	38	39	40	41	42	43	44	45	
46	47	48	49	50	51	52	53	54	
55	56	57	58	59	60	61	62	63	
64	65	66	67	68	69	71	79	72	
73	74	75	76	77	78	70		80	

Step: 58
State:
1	2	3	4	5	6	7	26	17	
10	11	12	13	14	15	16	8	9	
19	20	21	22	23	24	25	18	27	
28	29	30	31	32	33	34	35	36	
37	38	39	40	41	42	43	44	45	
46	47	48	49	50	51	52	53	54	
55	56	57	58	59	60	61	62	63	
64	65	66	67	68	69	71		72	
73	74	75	76	77	78	70	79	80	

Step: 59
State:
1	2	3	4	5	6	7	26	17	
10	11	12	13	14	15	16	8	9	
19	20	21	22	23	24	25	18	27	
28	29	30	31	32	33	34	35	36	
37	38	39	40	41	42	43	44	45	
46	47	48	49	50	51	52	53	54	
55	56	57	58	59	60	61	62	63	
64	65	66	67	68	69		71	72	
73	74	75	76	77	78	70	79	80	

Step: 60
State:
1	2	3	4	5	6	7	26	17	
10	11	12	13	14	15	16	8	9	
19	20	21	22	23	24	25	18	27	
28	29	30	31	32	33	34	35	36	
37	38	39	40	41	42	43	44	45	
46	47	48	49	50	51	52	53	54	
55	56	57	58	59	60	61	62	63	
64	65	66	67	68	69	70	71	72	
73	74	75	76	77	78		79	80	

Step: 61
State:
1	2	3	4	5	6	7	26	17	
10	11	12	13	14	15	16	8	9	
19	20	21	22	23	24	25	18	27	
28	29	30	31	32	33	34	35	36	
37	38	39	40	41	42	43	44	45	
46	47	48	49	50	51	52	53	54	
55	56	57	58	59	60	61	62	63	
64	65	66	67	68	69	70	71	72	
73	74	75	76	77	78	79		80	

Step: 62
State:
1	2	3	4	5	6	7	26	17	
10	11	12	13	14	15	16	8	9	
19	20	21	22	23	24	25	18	27	
28	29	30	31	32	33	34	35	36	
37	38	39	40	41	42	43	44	45	
46	47	48	49	50	51	52	53	54	
55	56	57	58	59	60	61	62	63	
64	65	66	67	68	69	70	71	72	
73	74	75	76	77	78	79	80		

Step: 63
State:
1	2	3	4	5	6	7	26	17	
10	11	12	13	14	15	16	8	9	
19	20	21	22	23	24	25	18	27	
28	29	30	31	32	33	34	35	36	
37	38	39	40	41	42	43	44	45	
46	47	48	49	50	51	52	53	54	
55	56	57	58	59	60	61	62	63	
64	65	66	67	68	69	70	71		
73	74	75	76	77	78	79	80	72	

Step: 64
State:
1	2	3	4	5	6	7	26	17	
10	11	12	13	14	15	16	8	9	
19	20	21	22	23	24	25	18	27	
28	29	30	31	32	33	34	35	36	
37	38	39	40	41	42	43	44	45	
46	47	48	49	50	51	52	53	54	
55	56	57	58	59	60	61	62		
64	65	66	67	68	69	70	71	63	
73	74	75	76	77	78	79	80	72	

Step: 65
State:
1	2	3	4	5	6	7	26	17	
10	11	12	13	14	15	16	8	9	
19	20	21	22	23	24	25	18	27	
28	29	30	31	32	33	34	35	36	
37	38	39	40	41	42	43	44	45	
46	47	48	49	50	51	52	53		
55	56	57	58	59	60	61	62	54	
64	65	66	67	68	69	70	71	63	
73	74	75	76	77	78	79	80	72	

Step: 66
State:
1	2	3	4	5	6	7	26	17	
10	11	12	13	14	15	16	8	9	
19	20	21	22	23	24	25	18	27	
28	29	30	31	32	33	34	35	36	
37	38	39	40	41	42	43	44		
46	47	48	49	50	51	52	53	45	
55	56	57	58	59	60	61	62	54	
64	65	66	67	68	69	70	71	63	
73	74	75	76	77	78	79	80	72	

Step: 67
State:
1	2	3	4	5	6	7	26	17	
10	11	12	13	14	15	16	8	9	
19	20	21	22	23	24	25	18	27	
28	29	30	31	32	33	34	35		
37	38	39	40	41	42	43	44	36	
46	47	48	49	50	51	52	53	45	
55	56	57	58	59	60	61	62	54	
64	65	66	67	68	69	70	71	63	
73	74	75	76	77	78	79	80	72	

Step: 68
State:
1	2	3	4	5	6	7	26	17	
10	11	12	13	14	15	16	8	9	
19	20	21	22	23	24	25	18		
28	29	30	31	32	33	34	35	27	
37	38	39	40	41	42	43	44	36	
46	47	48	49	50	51	52	53	45	
55	56	57	58	59	60	61	62	54	
64	65	66	67	68	69	70	71	63	
73	74	75	76	77	78	79	80	72	

Step: 69
State:
1	2	3	4	5	6	7	26	17	
10	11	12	13	14	15	16	8	9	
19	20	21	22	23	24	25		18	
28	29	30	31	32	33	34	35	27	
37	38	39	40	41	42	43	44	36	
46	47	48	49	50	51	52	53	45	
55	56	57	58	59	60	61	62	54	
64	65	66	67	68	69	70	71	63	
73	74	75	76	77	78	79	80	72	

Step: 70
State:
1	2	3	4	5	6	7	26	17	
10	11	12	13	14	15	16	8	9	
19	20	21	22	23	24	25	35	18	
28	29	30	31	32	33	34		27	
37	38	39	40	41	42	43	44	36	
46	47	48	49	50	51	52	53	45	
55	56	57	58	59	60	61	62	54	
64	65	66	67	68	69	70	71	63	
73	74	75	76	77	78	79	80	72	

Step: 71
State:
1	2	3	4	5	6	7	26	17	
10	11	12	13	14	15	16	8	9	
19	20	21	22	23	24	25	35	18	
28	29	30	31	32	33	34	44	27	
37	38	39	40	41	42	43		36	
46	47	48	49	50	51	52	53	45	
55	56	57	58	59	60	61	62	54	
64	65	66	67	68	69	70	71	63	
73	74	75	76	77	78	79	80	72	

Step: 72
State:
1	2	3	4	5	6	7	26	17	
10	11	12	13	14	15	16	8	9	
19	20	21	22	23	24	25	35	18	
28	29	30	31	32	33	34	44	27	
37	38	39	40	41	42	43	53	36	
46	47	48	49	50	51	52		45	
55	56	57	58	59	60	61	62	54	
64	65	66	67	68	69	70	71	63	
73	74	75	76	77	78	79	80	72	

Step: 73
State:
1	2	3	4	5	6	7	26	17	
10	11	12	13	14	15	16	8	9	
19	20	21	22	23	24	25	35	18	
28	29	30	31	32	33	34	44	27	
37	38	39	40	41	42	43	53	36	
46	47	48	49	50	51	52	62	45	
55	56	57	58	59	60	61		54	
64	65	66	67	68	69	70	71	63	
73	74	75	76	77	78	79	80	72	

Step: 74
State:
1	2	3	4	5	6	7	26	17	
10	11	12	13	14	15	16	8	9	
19	20	21	22	23	24	25	35	18	
28	29	30	31	32	33	34	44	27	
37	38	39	40	41	42	43	53	36	
46	47	48	49	50	51	52	62	45	
55	56	57	58	59	60	61	71	54	
64	65	66	67	68	69	70		63	
73	74	75	76	77	78	79	80	72	

Step: 75
State:
1	2	3	4	5	6	7	26	17	
10	11	12	13	14	15	16	8	9	
19	20	21	22	23	24	25	35	18	
28	29	30	31	32	33	34	44	27	
37	38	39	40	41	42	43	53	36	
46	47	48	49	50	51	52	62	45	
55	56	57	58	59	60	61	71	54	
64	65	66	67	68	69	70	80	63	
73	74	75	76	77	78	79		72	

Step: 76
State:
1	2	3	4	5	6	7	26	17	
10	11	12	13	14	15	16	8	9	
19	20	21	22	23	24	25	35	18	
28	29	30	31	32	33	34	44	27	
37	38	39	40	41	42	43	53	36	
46	47	48	49	50	51	52	62	45	
55	56	57	58	59	60	61	71	54	
64	65	66	67	68	69	70	80	63	
73	74	75	76	77	78	79	72		

Step: 77
State:
1	2	3	4	5	6	7	26	17	
10	11	12	13	14	15	16	8	9	
19	20	21	22	23	24	25	35	18	
28	29	30	31	32	33	34	44	27	
37	38	39	40	41	42	43	53	36	
46	47	48	49	50	51	52	62	45	
55	56	57	58	59	60	61	71	54	
64	65	66	67	68	69	70	80		
73	74	75	76	77	78	79	72	63	

Step: 78
State:
1	2	3	4	5	6	7	26	17	
10	11	12	13	14	15	16	8	9	
19	20	21	22	23	24	25	35	18	
28	29	30	31	32	33	34	44	27	
37	38	39	40	41	42	43	53	36	
46	47	48	49	50	51	52	62	45	
55	56	57	58	59	60	61	71		
64	65	66	67	68	69	70	80	54	
73	74	75	76	77	78	79	72	63	

Step: 79
State:
1	2	3	4	5	6	7	26	17	
10	11	12	13	14	15	16	8	9	
19	20	21	22	23	24	25	35	18	
28	29	30	31	32	33	34	44	27	
37	38	39	40	41	42	43	53	36	
46	47	48	49	50	51	52	62		
55	56	57	58	59	60	61	71	45	
64	65	66	67	68	69	70	80	54	
73	74	75	76	77	78	79	72	63	

Step: 80
State:
1	2	3	4	5	6	7	26	17	
10	11	12	13	14	15	16	8	9	
19	20	21	22	23	24	25	35	18	
28	29	30	31	32	33	34	44	27	
37	38	39	40	41	42	43	53		
46	47	48	49	50	51	52	62	36	
55	56	57	58	59	60	61	71	45	
64	65	66	67	68	69	70	80	54	
73	74	75	76	77	78	79	72	63	

Step: 81
State:
1	2	3	4	5	6	7	26	17	
10	11	12	13	14	15	16	8	9	
19	20	21	22	23	24	25	35	18	
28	29	30	31	32	33	34	44		
37	38	39	40	41	42	43	53	27	
46	47	48	49	50	51	52	62	36	
55	56	57	58	59	60	61	71	45	
64	65	66	67	68	69	70	80	54	
73	74	75	76	77	78	79	72	63	

Step: 82
State:
1	2	3	4	5	6	7	26	17	
10	11	12	13	14	15	16	8	9	
19	20	21	22	23	24	25	35		
28	29	30	31	32	33	34	44	18	
37	38	39	40	41	42	43	53	27	
46	47	48	49	50	51	52	62	36	
55	56	57	58	59	60	61	71	45	
64	65	66	67	68	69	70	80	54	
73	74	75	76	77	78	79	72	63	

Step: 83
State:
1	2	3	4	5	6	7	26	17	
10	11	12	13	14	15	16	8		
19	20	21	22	23	24	25	35	9	
28	29	30	31	32	33	34	44	18	
37	38	39	40	41	42	43	53	27	
46	47	48	49	50	51	52	62	36	
55	56	57	58	59	60	61	71	45	
64	65	66	67	68	69	70	80	54	
73	74	75	76	77	78	79	72	63	

Step: 84
State:
1	2	3	4	5	6	7	26		
10	11	12	13	14	15	16	8	17	
19	20	21	22	23	24	25	35	9	
28	29	30	31	32	33	34	44	18	
37	38	39	40	41	42	43	53	27	
46	47	48	49	50	51	52	62	36	
55	56	57	58	59	60	61	71	45	
64	65	66	67	68	69	70	80	54	
73	74	75	76	77	78	79	72	63	

Step: 85
State:
1	2	3	4	5	6	7		26	
10	11	12	13	14	15	16	8	17	
19	20	21	22	23	24	25	35	9	
28	29	30	31	32	33	34	44	18	
37	38	39	40	41	42	43	53	27	
46	47	48	49	50	51	52	62	36	
55	56	57	58	59	60	61	71	45	
64	65	66	67	68	69	70	80	54	
73	74	75	76	77	78	79	72	63	

Step: 86
State:
1	2	3	4	5	6	7	8	26	
10	11	12	13	14	15	16		17	
19	20	21	22	23	24	25	35	9	
28	29	30	31	32	33	34	44	18	
37	38	39	40	41	42	43	53	27	
46	47	48	49	50	51	52	62	36	
55	56	57	58	59	60	61	71	45	
64	65	66	67	68	69	70	80	54	
73	74	75	76	77	78	79	72	63	

Step: 87
State:
1	2	3	4	5	6	7	8	26	
10	11	12	13	14	15	16	17		
19	20	21	22	23	24	25	35	9	
28	29	30	31	32	33	34	44	18	
37	38	39	40	41	42	43	53	27	
46	47	48	49	50	51	52	62	36	
55	56	57	58	59	60	61	71	45	
64	65	66	67	68	69	70	80	54	
73	74	75	76	77	78	79	72	63	

Step: 88
State:
1	2	3	4	5	6	7	8	26	
10	11	12	13	14	15	16	17	9	
19	20	21	22	23	24	25	35		
28	29	30	31	32	33	34	44	18	
37	38	39	40	41	42	43	53	27	
46	47	48	49	50	51	52	62	36	
55	56	57	58	59	60	61	71	45	
64	65	66	67	68	69	70	80	54	
73	74	75	76	77	78	79	72	63	

Step: 89
State:
1	2	3	4	5	6	7	8	26	
10	11	12	13	14	15	16	17	9	
19	20	21	22	23	24	25	35	18	
28	29	30	31	32	33	34	44		
37	38	39	40	41	42	43	53	27	
46	47	48	49	50	51	52	62	36	
55	56	57	58	59	60	61	71	45	
64	65	66	67	68	69	70	80	54	
73	74	75	76	77	78	79	72	63	

Step: 90
State:
1	2	3	4	5	6	7	8	26	
10	11	12	13	14	15	16	17	9	
19	20	21	22	23	24	25	35	18	
28	29	30	31	32	33	34	44	27	
37	38	39	40	41	42	43	53		
46	47	48	49	50	51	52	62	36	
55	56	57	58	59	60	61	71	45	
64	65	66	67	68	69	70	80	54	
73	74	75	76	77	78	79	72	63	

Step: 91
State:
1	2	3	4	5	6	7	8	26	
10	11	12	13	14	15	16	17	9	
19	20	21	22	23	24	25	35	18	
28	29	30	31	32	33	34	44	27	
37	38	39	40	41	42	43	53	36	
46	47	48	49	50	51	52	62		
55	56	57	58	59	60	61	71	45	
64	65	66	67	68	69	70	80	54	
73	74	75	76	77	78	79	72	63	

Step: 92
State:
1	2	3	4	5	6	7	8	26	
10	11	12	13	14	15	16	17	9	
19	20	21	22	23	24	25	35	18	
28	29	30	31	32	33	34	44	27	
37	38	39	40	41	42	43	53	36	
46	47	48	49	50	51	52	62	45	
55	56	57	58	59	60	61	71		
64	65	66	67	68	69	70	80	54	
73	74	75	76	77	78	79	72	63	

Step: 93
State:
1	2	3	4	5	6	7	8	26	
10	11	12	13	14	15	16	17	9	
19	20	21	22	23	24	25	35	18	
28	29	30	31	32	33	34	44	27	
37	38	39	40	41	42	43	53	36	
46	47	48	49	50	51	52	62	45	
55	56	57	58	59	60	61	71	54	
64	65	66	67	68	69	70	80		
73	74	75	76	77	78	79	72	63	

Step: 94
State:
1	2	3	4	5	6	7	8	26	
10	11	12	13	14	15	16	17	9	
19	20	21	22	23	24	25	35	18	
28	29	30	31	32	33	34	44	27	
37	38	39	40	41	42	43	53	36	
46	47	48	49	50	51	52	62	45	
55	56	57	58	59	60	61	71	54	
64	65	66	67	68	69	70	80	63	
73	74	75	76	77	78	79	72		

Step: 95
State:
1	2	3	4	5	6	7	8	26	
10	11	12	13	14	15	16	17	9	
19	20	21	22	23	24	25	35	18	
28	29	30	31	32	33	34	44	27	
37	38	39	40	41	42	43	53	36	
46	47	48	49	50	51	52	62	45	
55	56	57	58	59	60	61	71	54	
64	65	66	67	68	69	70	80	63	
73	74	75	76	77	78	79		72	

Step: 96
State:
1	2	3	4	5	6	7	8	26	
10	11	12	13	14	15	16	17	9	
19	20	21	22	23	24	25	35	18	
28	29	30	31	32	33	34	44	27	
37	38	39	40	41	42	43	53	36	
46	47	48	49	50	51	52	62	45	
55	56	57	58	59	60	61	71	54	
64	65	66	67	68	69	70		63	
73	74	75	76	77	78	79	80	72	

Step: 97
State:
1	2	3	4	5	6	7	8	26	
10	11	12	13	14	15	16	17	9	
19	20	21	22	23	24	25	35	18	
28	29	30	31	32	33	34	44	27	
37	38	39	40	41	42	43	53	36	
46	47	48	49	50	51	52	62	45	
55	56	57	58	59	60	61		54	
64	65	66	67	68	69	70	71	63	
73	74	75	76	77	78	79	80	72	

Step: 98
State:
1	2	3	4	5	6	7	8	26	
10	11	12	13	14	15	16	17	9	
19	20	21	22	23	24	25	35	18	
28	29	30	31	32	33	34	44	27	
37	38	39	40	41	42	43	53	36	
46	47	48	49	50	51	52		45	
55	56	57	58	59	60	61	62	54	
64	65	66	67	68	69	70	71	63	
73	74	75	76	77	78	79	80	72	

Step: 99
State:
1	2	3	4	5	6	7	8	26	
10	11	12	13	14	15	16	17	9	
19	20	21	22	23	24	25	35	18	
28	29	30	31	32	33	34	44	27	
37	38	39	40	41	42	43		36	
46	47	48	49	50	51	52	53	45	
55	56	57	58	59	60	61	62	54	
64	65	66	67	68	69	70	71	63	
73	74	75	76	77	78	79	80	72	

Step: 100
State:
1	2	3	4	5	6	7	8	26	
10	11	12	13	14	15	16	17	9	
19	20	21	22	23	24	25	35	18	
28	29	30	31	32	33	34		27	
37	38	39	40	41	42	43	44	36	
46	47	48	49	50	51	52	53	45	
55	56	57	58	59	60	61	62	54	
64	65	66	67	68	69	70	71	63	
73	74	75	76	77	78	79	80	72	

Step: 101
State:
1	2	3	4	5	6	7	8	26	
10	11	12	13	14	15	16	17	9	
19	20	21	22	23	24	25		18	
28	29	30	31	32	33	34	35	27	
37	38	39	40	41	42	43	44	36	
46	47	48	49	50	51	52	53	45	
55	56	57	58	59	60	61	62	54	
64	65	66	67	68	69	70	71	63	
73	74	75	76	77	78	79	80	72	

Step: 102
State:
1	2	3	4	5	6	7	8	26	
10	11	12	13	14	15	16	17	9	
19	20	21	22	23	24	25	18		
28	29	30	31	32	33	34	35	27	
37	38	39	40	41	42	43	44	36	
46	47	48	49	50	51	52	53	45	
55	56	57	58	59	60	61	62	54	
64	65	66	67	68	69	70	71	63	
73	74	75	76	77	78	79	80	72	

Step: 103
State:
1	2	3	4	5	6	7	8	26	
10	11	12	13	14	15	16	17	9	
19	20	21	22	23	24	25	18	27	
28	29	30	31	32	33	34	35		
37	38	39	40	41	42	43	44	36	
46	47	48	49	50	51	52	53	45	
55	56	57	58	59	60	61	62	54	
64	65	66	67	68	69	70	71	63	
73	74	75	76	77	78	79	80	72	

Step: 104
State:
1	2	3	4	5	6	7	8	26	
10	11	12	13	14	15	16	17	9	
19	20	21	22	23	24	25	18	27	
28	29	30	31	32	33	34	35	36	
37	38	39	40	41	42	43	44		
46	47	48	49	50	51	52	53	45	
55	56	57	58	59	60	61	62	54	
64	65	66	67	68	69	70	71	63	
73	74	75	76	77	78	79	80	72	

Step: 105
State:
1	2	3	4	5	6	7	8	26	
10	11	12	13	14	15	16	17	9	
19	20	21	22	23	24	25	18	27	
28	29	30	31	32	33	34	35	36	
37	38	39	40	41	42	43	44	45	
46	47	48	49	50	51	52	53		
55	56	57	58	59	60	61	62	54	
64	65	66	67	68	69	70	71	63	
73	74	75	76	77	78	79	80	72	

Step: 106
State:
1	2	3	4	5	6	7	8	26	
10	11	12	13	14	15	16	17	9	
19	20	21	22	23	24	25	18	27	
28	29	30	31	32	33	34	35	36	
37	38	39	40	41	42	43	44	45	
46	47	48	49	50	51	52	53	54	
55	56	57	58	59	60	61	62		
64	65	66	67	68	69	70	71	63	
73	74	75	76	77	78	79	80	72	

Step: 107
State:
1	2	3	4	5	6	7	8	26	
10	11	12	13	14	15	16	17	9	
19	20	21	22	23	24	25	18	27	
28	29	30	31	32	33	34	35	36	
37	38	39	40	41	42	43	44	45	
46	47	48	49	50	51	52	53	54	
55	56	57	58	59	60	61	62	63	
64	65	66	67	68	69	70	71		
73	74	75	76	77	78	79	80	72	

Step: 108
State:
1	2	3	4	5	6	7	8	26	
10	11	12	13	14	15	16	17	9	
19	20	21	22	23	24	25	18	27	
28	29	30	31	32	33	34	35	36	
37	38	39	40	41	42	43	44	45	
46	47	48	49	50	51	52	53	54	
55	56	57	58	59	60	61	62	63	
64	65	66	67	68	69	70	71	72	
73	74	75	76	77	78	79	80		

Step: 109
State:
1	2	3	4	5	6	7	8	26	
10	11	12	13	14	15	16	17	9	
19	20	21	22	23	24	25	18	27	
28	29	30	31	32	33	34	35	36	
37	38	39	40	41	42	43	44	45	
46	47	48	49	50	51	52	53	54	
55	56	57	58	59	60	61	62	63	
64	65	66	67	68	69	70	71	72	
73	74	75	76	77	78	79		80	

Step: 110
State:
1	2	3	4	5	6	7	8	26	
10	11	12	13	14	15	16	17	9	
19	20	21	22	23	24	25	18	27	
28	29	30	31	32	33	34	35	36	
37	38	39	40	41	42	43	44	45	
46	47	48	49	50	51	52	53	54	
55	56	57	58	59	60	61	62	63	
64	65	66	67	68	69	70		72	
73	74	75	76	77	78	79	71	80	

Step: 111
State:
1	2	3	4	5	6	7	8	26	
10	11	12	13	14	15	16	17	9	
19	20	21	22	23	24	25	18	27	
28	29	30	31	32	33	34	35	36	
37	38	39	40	41	42	43	44	45	
46	47	48	49	50	51	52	53	54	
55	56	57	58	59	60	61	62	63	
64	65	66	67	68	69	70	72		
73	74	75	76	77	78	79	71	80	

Step: 112
State:
1	2	3	4	5	6	7	8	26	
10	11	12	13	14	15	16	17	9	
19	20	21	22	23	24	25	18	27	
28	29	30	31	32	33	34	35	36	
37	38	39	40	41	42	43	44	45	
46	47	48	49	50	51	52	53	54	
55	56	57	58	59	60	61	62	63	
64	65	66	67	68	69	70	72	80	
73	74	75	76	77	78	79	71		

Step: 113
State:
1	2	3	4	5	6	7	8	26	
10	11	12	13	14	15	16	17	9	
19	20	21	22	23	24	25	18	27	
28	29	30	31	32	33	34	35	36	
37	38	39	40	41	42	43	44	45	
46	47	48	49	50	51	52	53	54	
55	56	57	58	59	60	61	62	63	
64	65	66	67	68	69	70	72	80	
73	74	75	76	77	78	79		71	

Step: 114
State:
1	2	3	4	5	6	7	8	26	
10	11	12	13	14	15	16	17	9	
19	20	21	22	23	24	25	18	27	
28	29	30	31	32	33	34	35	36	
37	38	39	40	41	42	43	44	45	
46	47	48	49	50	51	52	53	54	
55	56	57	58	59	60	61	62	63	
64	65	66	67	68	69	70		80	
73	74	75	76	77	78	79	72	71	

Step: 115
State:
1	2	3	4	5	6	7	8	26	
10	11	12	13	14	15	16	17	9	
19	20	21	22	23	24	25	18	27	
28	29	30	31	32	33	34	35	36	
37	38	39	40	41	42	43	44	45	
46	47	48	49	50	51	52	53	54	
55	56	57	58	59	60	61	62	63	
64	65	66	67	68	69	70	80		
73	74	75	76	77	78	79	72	71	

Step: 116
State:
1	2	3	4	5	6	7	8	26	
10	11	12	13	14	15	16	17	9	
19	20	21	22	23	24	25	18	27	
28	29	30	31	32	33	34	35	36	
37	38	39	40	41	42	43	44	45	
46	47	48	49	50	51	52	53	54	
55	56	57	58	59	60	61	62	63	
64	65	66	67	68	69	70	80	71	
73	74	75	76	77	78	79	72		

Step: 117
State:
1	2	3	4	5	6	7	8	26	
10	11	12	13	14	15	16	17	9	
19	20	21	22	23	24	25	18	27	
28	29	30	31	32	33	34	35	36	
37	38	39	40	41	42	43	44	45	
46	47	48	49	50	51	52	53	54	
55	56	57	58	59	60	61	62	63	
64	65	66	67	68	69	70	80	71	
73	74	75	76	77	78	79		72	

Step: 118
State:
1	2	3	4	5	6	7	8	26	
10	11	12	13	14	15	16	17	9	
19	20	21	22	23	24	25	18	27	
28	29	30	31	32	33	34	35	36	
37	38	39	40	41	42	43	44	45	
46	47	48	49	50	51	52	53	54	
55	56	57	58	59	60	61	62	63	
64	65	66	67	68	69	70		71	
73	74	75	76	77	78	79	80	72	

Step: 119
State:
1	2	3	4	5	6	7	8	26	
10	11	12	13	14	15	16	17	9	
19	20	21	22	23	24	25	18	27	
28	29	30	31	32	33	34	35	36	
37	38	39	40	41	42	43	44	45	
46	47	48	49	50	51	52	53	54	
55	56	57	58	59	60	61		63	
64	65	66	67	68	69	70	62	71	
73	74	75	76	77	78	79	80	72	

Step: 120
State:
1	2	3	4	5	6	7	8	26	
10	11	12	13	14	15	16	17	9	
19	20	21	22	23	24	25	18	27	
28	29	30	31	32	33	34	35	36	
37	38	39	40	41	42	43	44	45	
46	47	48	49	50	51	52	53	54	
55	56	57	58	59	60	61	63		
64	65	66	67	68	69	70	62	71	
73	74	75	76	77	78	79	80	72	

Step: 121
State:
1	2	3	4	5	6	7	8	26	
10	11	12	13	14	15	16	17	9	
19	20	21	22	23	24	25	18	27	
28	29	30	31	32	33	34	35	36	
37	38	39	40	41	42	43	44	45	
46	47	48	49	50	51	52	53	54	
55	56	57	58	59	60	61	63	71	
64	65	66	67	68	69	70	62		
73	74	75	76	77	78	79	80	72	

Step: 122
State:
1	2	3	4	5	6	7	8	26	
10	11	12	13	14	15	16	17	9	
19	20	21	22	23	24	25	18	27	
28	29	30	31	32	33	34	35	36	
37	38	39	40	41	42	43	44	45	
46	47	48	49	50	51	52	53	54	
55	56	57	58	59	60	61	63	71	
64	65	66	67	68	69	70	62	72	
73	74	75	76	77	78	79	80		

Step: 123
State:
1	2	3	4	5	6	7	8	26	
10	11	12	13	14	15	16	17	9	
19	20	21	22	23	24	25	18	27	
28	29	30	31	32	33	34	35	36	
37	38	39	40	41	42	43	44	45	
46	47	48	49	50	51	52	53	54	
55	56	57	58	59	60	61	63	71	
64	65	66	67	68	69	70	62	72	
73	74	75	76	77	78	79		80	

Step: 124
State:
1	2	3	4	5	6	7	8	26	
10	11	12	13	14	15	16	17	9	
19	20	21	22	23	24	25	18	27	
28	29	30	31	32	33	34	35	36	
37	38	39	40	41	42	43	44	45	
46	47	48	49	50	51	52	53	54	
55	56	57	58	59	60	61	63	71	
64	65	66	67	68	69	70		72	
73	74	75	76	77	78	79	62	80	

Step: 125
State:
1	2	3	4	5	6	7	8	26	
10	11	12	13	14	15	16	17	9	
19	20	21	22	23	24	25	18	27	
28	29	30	31	32	33	34	35	36	
37	38	39	40	41	42	43	44	45	
46	47	48	49	50	51	52	53	54	
55	56	57	58	59	60	61	63	71	
64	65	66	67	68	69	70	72		
73	74	75	76	77	78	79	62	80	

Step: 126
State:
1	2	3	4	5	6	7	8	26	
10	11	12	13	14	15	16	17	9	
19	20	21	22	23	24	25	18	27	
28	29	30	31	32	33	34	35	36	
37	38	39	40	41	42	43	44	45	
46	47	48	49	50	51	52	53	54	
55	56	57	58	59	60	61	63		
64	65	66	67	68	69	70	72	71	
73	74	75	76	77	78	79	62	80	

Step: 127
State:
1	2	3	4	5	6	7	8	26	
10	11	12	13	14	15	16	17	9	
19	20	21	22	23	24	25	18	27	
28	29	30	31	32	33	34	35	36	
37	38	39	40	41	42	43	44	45	
46	47	48	49	50	51	52	53	54	
55	56	57	58	59	60	61		63	
64	65	66	67	68	69	70	72	71	
73	74	75	76	77	78	79	62	80	

Step: 128
State:
1	2	3	4	5	6	7	8	26	
10	11	12	13	14	15	16	17	9	
19	20	21	22	23	24	25	18	27	
28	29	30	31	32	33	34	35	36	
37	38	39	40	41	42	43	44	45	
46	47	48	49	50	51	52	53	54	
55	56	57	58	59	60	61	72	63	
64	65	66	67	68	69	70		71	
73	74	75	76	77	78	79	62	80	

Step: 129
State:
1	2	3	4	5	6	7	8	26	
10	11	12	13	14	15	16	17	9	
19	20	21	22	23	24	25	18	27	
28	29	30	31	32	33	34	35	36	
37	38	39	40	41	42	43	44	45	
46	47	48	49	50	51	52	53	54	
55	56	57	58	59	60	61	72	63	
64	65	66	67	68	69	70	62	71	
73	74	75	76	77	78	79		80	

Step: 130
State:
1	2	3	4	5	6	7	8	26	
10	11	12	13	14	15	16	17	9	
19	20	21	22	23	24	25	18	27	
28	29	30	31	32	33	34	35	36	
37	38	39	40	41	42	43	44	45	
46	47	48	49	50	51	52	53	54	
55	56	57	58	59	60	61	72	63	
64	65	66	67	68	69	70	62	71	
73	74	75	76	77	78	79	80		

Step: 131
State:
1	2	3	4	5	6	7	8	26	
10	11	12	13	14	15	16	17	9	
19	20	21	22	23	24	25	18	27	
28	29	30	31	32	33	34	35	36	
37	38	39	40	41	42	43	44	45	
46	47	48	49	50	51	52	53	54	
55	56	57	58	59	60	61	72	63	
64	65	66	67	68	69	70	62		
73	74	75	76	77	78	79	80	71	

Step: 132
State:
1	2	3	4	5	6	7	8	26	
10	11	12	13	14	15	16	17	9	
19	20	21	22	23	24	25	18	27	
28	29	30	31	32	33	34	35	36	
37	38	39	40	41	42	43	44	45	
46	47	48	49	50	51	52	53	54	
55	56	57	58	59	60	61	72		
64	65	66	67	68	69	70	62	63	
73	74	75	76	77	78	79	80	71	

Step: 133
State:
1	2	3	4	5	6	7	8	26	
10	11	12	13	14	15	16	17	9	
19	20	21	22	23	24	25	18	27	
28	29	30	31	32	33	34	35	36	
37	38	39	40	41	42	43	44	45	
46	47	48	49	50	51	52	53	54	
55	56	57	58	59	60	61		72	
64	65	66	67	68	69	70	62	63	
73	74	75	76	77	78	79	80	71	

Step: 134
State:
1	2	3	4	5	6	7	8	26	
10	11	12	13	14	15	16	17	9	
19	20	21	22	23	24	25	18	27	
28	29	30	31	32	33	34	35	36	
37	38	39	40	41	42	43	44	45	
46	47	48	49	50	51	52	53	54	
55	56	57	58	59	60	61	62	72	
64	65	66	67	68	69	70		63	
73	74	75	76	77	78	79	80	71	

Step: 135
State:
1	2	3	4	5	6	7	8	26	
10	11	12	13	14	15	16	17	9	
19	20	21	22	23	24	25	18	27	
28	29	30	31	32	33	34	35	36	
37	38	39	40	41	42	43	44	45	
46	47	48	49	50	51	52	53	54	
55	56	57	58	59	60	61	62	72	
64	65	66	67	68	69	70	80	63	
73	74	75	76	77	78	79		71	

Step: 136
State:
1	2	3	4	5	6	7	8	26	
10	11	12	13	14	15	16	17	9	
19	20	21	22	23	24	25	18	27	
28	29	30	31	32	33	34	35	36	
37	38	39	40	41	42	43	44	45	
46	47	48	49	50	51	52	53	54	
55	56	57	58	59	60	61	62	72	
64	65	66	67	68	69	70	80	63	
73	74	75	76	77	78	79	71		

Step: 137
State:
1	2	3	4	5	6	7	8	26	
10	11	12	13	14	15	16	17	9	
19	20	21	22	23	24	25	18	27	
28	29	30	31	32	33	34	35	36	
37	38	39	40	41	42	43	44	45	
46	47	48	49	50	51	52	53	54	
55	56	57	58	59	60	61	62	72	
64	65	66	67	68	69	70	80		
73	74	75	76	77	78	79	71	63	

Step: 138
State:
1	2	3	4	5	6	7	8	26	
10	11	12	13	14	15	16	17	9	
19	20	21	22	23	24	25	18	27	
28	29	30	31	32	33	34	35	36	
37	38	39	40	41	42	43	44	45	
46	47	48	49	50	51	52	53	54	
55	56	57	58	59	60	61	62		
64	65	66	67	68	69	70	80	72	
73	74	75	76	77	78	79	71	63	

Step: 139
State:
1	2	3	4	5	6	7	8	26	
10	11	12	13	14	15	16	17	9	
19	20	21	22	23	24	25	18	27	
28	29	30	31	32	33	34	35	36	
37	38	39	40	41	42	43	44	45	
46	47	48	49	50	51	52	53		
55	56	57	58	59	60	61	62	54	
64	65	66	67	68	69	70	80	72	
73	74	75	76	77	78	79	71	63	

Step: 140
State:
1	2	3	4	5	6	7	8	26	
10	11	12	13	14	15	16	17	9	
19	20	21	22	23	24	25	18	27	
28	29	30	31	32	33	34	35	36	
37	38	39	40	41	42	43	44		
46	47	48	49	50	51	52	53	45	
55	56	57	58	59	60	61	62	54	
64	65	66	67	68	69	70	80	72	
73	74	75	76	77	78	79	71	63	

Step: 141
State:
1	2	3	4	5	6	7	8	26	
10	11	12	13	14	15	16	17	9	
19	20	21	22	23	24	25	18	27	
28	29	30	31	32	33	34	35		
37	38	39	40	41	42	43	44	36	
46	47	48	49	50	51	52	53	45	
55	56	57	58	59	60	61	62	54	
64	65	66	67	68	69	70	80	72	
73	74	75	76	77	78	79	71	63	

Step: 142
State:
1	2	3	4	5	6	7	8	26	
10	11	12	13	14	15	16	17	9	
19	20	21	22	23	24	25	18		
28	29	30	31	32	33	34	35	27	
37	38	39	40	41	42	43	44	36	
46	47	48	49	50	51	52	53	45	
55	56	57	58	59	60	61	62	54	
64	65	66	67	68	69	70	80	72	
73	74	75	76	77	78	79	71	63	

Step: 143
State:
1	2	3	4	5	6	7	8	26	
10	11	12	13	14	15	16	17	9	
19	20	21	22	23	24	25		18	
28	29	30	31	32	33	34	35	27	
37	38	39	40	41	42	43	44	36	
46	47	48	49	50	51	52	53	45	
55	56	57	58	59	60	61	62	54	
64	65	66	67	68	69	70	80	72	
73	74	75	76	77	78	79	71	63	

Step: 144
State:
1	2	3	4	5	6	7	8	26	
10	11	12	13	14	15	16	17	9	
19	20	21	22	23	24	25	35	18	
28	29	30	31	32	33	34		27	
37	38	39	40	41	42	43	44	36	
46	47	48	49	50	51	52	53	45	
55	56	57	58	59	60	61	62	54	
64	65	66	67	68	69	70	80	72	
73	74	75	76	77	78	79	71	63	

Step: 145
State:
1	2	3	4	5	6	7	8	26	
10	11	12	13	14	15	16	17	9	
19	20	21	22	23	24	25	35	18	
28	29	30	31	32	33	34	44	27	
37	38	39	40	41	42	43		36	
46	47	48	49	50	51	52	53	45	
55	56	57	58	59	60	61	62	54	
64	65	66	67	68	69	70	80	72	
73	74	75	76	77	78	79	71	63	

Step: 146
State:
1	2	3	4	5	6	7	8	26	
10	11	12	13	14	15	16	17	9	
19	20	21	22	23	24	25	35	18	
28	29	30	31	32	33	34	44	27	
37	38	39	40	41	42	43	53	36	
46	47	48	49	50	51	52		45	
55	56	57	58	59	60	61	62	54	
64	65	66	67	68	69	70	80	72	
73	74	75	76	77	78	79	71	63	

Step: 147
State:
1	2	3	4	5	6	7	8	26	
10	11	12	13	14	15	16	17	9	
19	20	21	22	23	24	25	35	18	
28	29	30	31	32	33	34	44	27	
37	38	39	40	41	42	43	53	36	
46	47	48	49	50	51	52	62	45	
55	56	57	58	59	60	61		54	
64	65	66	67	68	69	70	80	72	
73	74	75	76	77	78	79	71	63	

Step: 148
State:
1	2	3	4	5	6	7	8	26	
10	11	12	13	14	15	16	17	9	
19	20	21	22	23	24	25	35	18	
28	29	30	31	32	33	34	44	27	
37	38	39	40	41	42	43	53	36	
46	47	48	49	50	51	52	62	45	
55	56	57	58	59	60	61	80	54	
64	65	66	67	68	69	70		72	
73	74	75	76	77	78	79	71	63	

Step: 149
State:
1	2	3	4	5	6	7	8	26	
10	11	12	13	14	15	16	17	9	
19	20	21	22	23	24	25	35	18	
28	29	30	31	32	33	34	44	27	
37	38	39	40	41	42	43	53	36	
46	47	48	49	50	51	52	62	45	
55	56	57	58	59	60	61	80	54	
64	65	66	67	68	69	70	71	72	
73	74	75	76	77	78	79		63	

Step: 150
State:
1	2	3	4	5	6	7	8	26	
10	11	12	13	14	15	16	17	9	
19	20	21	22	23	24	25	35	18	
28	29	30	31	32	33	34	44	27	
37	38	39	40	41	42	43	53	36	
46	47	48	49	50	51	52	62	45	
55	56	57	58	59	60	61	80	54	
64	65	66	67	68	69	70	71	72	
73	74	75	76	77	78	79	63		

Step: 151
State:
1	2	3	4	5	6	7	8	26	
10	11	12	13	14	15	16	17	9	
19	20	21	22	23	24	25	35	18	
28	29	30	31	32	33	34	44	27	
37	38	39	40	41	42	43	53	36	
46	47	48	49	50	51	52	62	45	
55	56	57	58	59	60	61	80	54	
64	65	66	67	68	69	70	71		
73	74	75	76	77	78	79	63	72	

Step: 152
State:
1	2	3	4	5	6	7	8	26	
10	11	12	13	14	15	16	17	9	
19	20	21	22	23	24	25	35	18	
28	29	30	31	32	33	34	44	27	
37	38	39	40	41	42	43	53	36	
46	47	48	49	50	51	52	62	45	
55	56	57	58	59	60	61	80		
64	65	66	67	68	69	70	71	54	
73	74	75	76	77	78	79	63	72	

Step: 153
State:
1	2	3	4	5	6	7	8	26	
10	11	12	13	14	15	16	17	9	
19	20	21	22	23	24	25	35	18	
28	29	30	31	32	33	34	44	27	
37	38	39	40	41	42	43	53	36	
46	47	48	49	50	51	52	62		
55	56	57	58	59	60	61	80	45	
64	65	66	67	68	69	70	71	54	
73	74	75	76	77	78	79	63	72	

Step: 154
State:
1	2	3	4	5	6	7	8	26	
10	11	12	13	14	15	16	17	9	
19	20	21	22	23	24	25	35	18	
28	29	30	31	32	33	34	44	27	
37	38	39	40	41	42	43	53		
46	47	48	49	50	51	52	62	36	
55	56	57	58	59	60	61	80	45	
64	65	66	67	68	69	70	71	54	
73	74	75	76	77	78	79	63	72	

Step: 155
State:
1	2	3	4	5	6	7	8	26	
10	11	12	13	14	15	16	17	9	
19	20	21	22	23	24	25	35	18	
28	29	30	31	32	33	34	44		
37	38	39	40	41	42	43	53	27	
46	47	48	49	50	51	52	62	36	
55	56	57	58	59	60	61	80	45	
64	65	66	67	68	69	70	71	54	
73	74	75	76	77	78	79	63	72	

Step: 156
State:
1	2	3	4	5	6	7	8	26	
10	11	12	13	14	15	16	17	9	
19	20	21	22	23	24	25	35		
28	29	30	31	32	33	34	44	18	
37	38	39	40	41	42	43	53	27	
46	47	48	49	50	51	52	62	36	
55	56	57	58	59	60	61	80	45	
64	65	66	67	68	69	70	71	54	
73	74	75	76	77	78	79	63	72	

Step: 157
State:
1	2	3	4	5	6	7	8	26	
10	11	12	13	14	15	16	17		
19	20	21	22	23	24	25	35	9	
28	29	30	31	32	33	34	44	18	
37	38	39	40	41	42	43	53	27	
46	47	48	49	50	51	52	62	36	
55	56	57	58	59	60	61	80	45	
64	65	66	67	68	69	70	71	54	
73	74	75	76	77	78	79	63	72	

Step: 158
State:
1	2	3	4	5	6	7	8		
10	11	12	13	14	15	16	17	26	
19	20	21	22	23	24	25	35	9	
28	29	30	31	32	33	34	44	18	
37	38	39	40	41	42	43	53	27	
46	47	48	49	50	51	52	62	36	
55	56	57	58	59	60	61	80	45	
64	65	66	67	68	69	70	71	54	
73	74	75	76	77	78	79	63	72	

Step: 159
State:
1	2	3	4	5	6	7		8	
10	11	12	13	14	15	16	17	26	
19	20	21	22	23	24	25	35	9	
28	29	30	31	32	33	34	44	18	
37	38	39	40	41	42	43	53	27	
46	47	48	49	50	51	52	62	36	
55	56	57	58	59	60	61	80	45	
64	65	66	67	68	69	70	71	54	
73	74	75	76	77	78	79	63	72	

Step: 160
State:
1	2	3	4	5	6	7	17	8	
10	11	12	13	14	15	16		26	
19	20	21	22	23	24	25	35	9	
28	29	30	31	32	33	34	44	18	
37	38	39	40	41	42	43	53	27	
46	47	48	49	50	51	52	62	36	
55	56	57	58	59	60	61	80	45	
64	65	66	67	68	69	70	71	54	
73	74	75	76	77	78	79	63	72	

Step: 161
State:
1	2	3	4	5	6	7	17	8	
10	11	12	13	14	15	16	26		
19	20	21	22	23	24	25	35	9	
28	29	30	31	32	33	34	44	18	
37	38	39	40	41	42	43	53	27	
46	47	48	49	50	51	52	62	36	
55	56	57	58	59	60	61	80	45	
64	65	66	67	68	69	70	71	54	
73	74	75	76	77	78	79	63	72	

Step: 162
State:
1	2	3	4	5	6	7	17	8	
10	11	12	13	14	15	16	26	9	
19	20	21	22	23	24	25	35		
28	29	30	31	32	33	34	44	18	
37	38	39	40	41	42	43	53	27	
46	47	48	49	50	51	52	62	36	
55	56	57	58	59	60	61	80	45	
64	65	66	67	68	69	70	71	54	
73	74	75	76	77	78	79	63	72	

Step: 163
State:
1	2	3	4	5	6	7	17	8	
10	11	12	13	14	15	16	26	9	
19	20	21	22	23	24	25	35	18	
28	29	30	31	32	33	34	44		
37	38	39	40	41	42	43	53	27	
46	47	48	49	50	51	52	62	36	
55	56	57	58	59	60	61	80	45	
64	65	66	67	68	69	70	71	54	
73	74	75	76	77	78	79	63	72	

Step: 164
State:
1	2	3	4	5	6	7	17	8	
10	11	12	13	14	15	16	26	9	
19	20	21	22	23	24	25	35	18	
28	29	30	31	32	33	34	44	27	
37	38	39	40	41	42	43	53		
46	47	48	49	50	51	52	62	36	
55	56	57	58	59	60	61	80	45	
64	65	66	67	68	69	70	71	54	
73	74	75	76	77	78	79	63	72	

Step: 165
State:
1	2	3	4	5	6	7	17	8	
10	11	12	13	14	15	16	26	9	
19	20	21	22	23	24	25	35	18	
28	29	30	31	32	33	34	44	27	
37	38	39	40	41	42	43	53	36	
46	47	48	49	50	51	52	62		
55	56	57	58	59	60	61	80	45	
64	65	66	67	68	69	70	71	54	
73	74	75	76	77	78	79	63	72	

Step: 166
State:
1	2	3	4	5	6	7	17	8	
10	11	12	13	14	15	16	26	9	
19	20	21	22	23	24	25	35	18	
28	29	30	31	32	33	34	44	27	
37	38	39	40	41	42	43	53	36	
46	47	48	49	50	51	52	62	45	
55	56	57	58	59	60	61	80		
64	65	66	67	68	69	70	71	54	
73	74	75	76	77	78	79	63	72	

Step: 167
State:
1	2	3	4	5	6	7	17	8	
10	11	12	13	14	15	16	26	9	
19	20	21	22	23	24	25	35	18	
28	29	30	31	32	33	34	44	27	
37	38	39	40	41	42	43	53	36	
46	47	48	49	50	51	52	62	45	
55	56	57	58	59	60	61	80	54	
64	65	66	67	68	69	70	71		
73	74	75	76	77	78	79	63	72	

Step: 168
State:
1	2	3	4	5	6	7	17	8	
10	11	12	13	14	15	16	26	9	
19	20	21	22	23	24	25	35	18	
28	29	30	31	32	33	34	44	27	
37	38	39	40	41	42	43	53	36	
46	47	48	49	50	51	52	62	45	
55	56	57	58	59	60	61	80	54	
64	65	66	67	68	69	70	71	72	
73	74	75	76	77	78	79	63		

Step: 169
State:
1	2	3	4	5	6	7	17	8	
10	11	12	13	14	15	16	26	9	
19	20	21	22	23	24	25	35	18	
28	29	30	31	32	33	34	44	27	
37	38	39	40	41	42	43	53	36	
46	47	48	49	50	51	52	62	45	
55	56	57	58	59	60	61	80	54	
64	65	66	67	68	69	70	71	72	
73	74	75	76	77	78	79		63	

Step: 170
State:
1	2	3	4	5	6	7	17	8	
10	11	12	13	14	15	16	26	9	
19	20	21	22	23	24	25	35	18	
28	29	30	31	32	33	34	44	27	
37	38	39	40	41	42	43	53	36	
46	47	48	49	50	51	52	62	45	
55	56	57	58	59	60	61	80	54	
64	65	66	67	68	69	70		72	
73	74	75	76	77	78	79	71	63	

Step: 171
State:
1	2	3	4	5	6	7	17	8	
10	11	12	13	14	15	16	26	9	
19	20	21	22	23	24	25	35	18	
28	29	30	31	32	33	34	44	27	
37	38	39	40	41	42	43	53	36	
46	47	48	49	50	51	52	62	45	
55	56	57	58	59	60	61		54	
64	65	66	67	68	69	70	80	72	
73	74	75	76	77	78	79	71	63	

Step: 172
State:
1	2	3	4	5	6	7	17	8	
10	11	12	13	14	15	16	26	9	
19	20	21	22	23	24	25	35	18	
28	29	30	31	32	33	34	44	27	
37	38	39	40	41	42	43	53	36	
46	47	48	49	50	51	52		45	
55	56	57	58	59	60	61	62	54	
64	65	66	67	68	69	70	80	72	
73	74	75	76	77	78	79	71	63	

Step: 173
State:
1	2	3	4	5	6	7	17	8	
10	11	12	13	14	15	16	26	9	
19	20	21	22	23	24	25	35	18	
28	29	30	31	32	33	34	44	27	
37	38	39	40	41	42	43		36	
46	47	48	49	50	51	52	53	45	
55	56	57	58	59	60	61	62	54	
64	65	66	67	68	69	70	80	72	
73	74	75	76	77	78	79	71	63	

Step: 174
State:
1	2	3	4	5	6	7	17	8	
10	11	12	13	14	15	16	26	9	
19	20	21	22	23	24	25	35	18	
28	29	30	31	32	33	34		27	
37	38	39	40	41	42	43	44	36	
46	47	48	49	50	51	52	53	45	
55	56	57	58	59	60	61	62	54	
64	65	66	67	68	69	70	80	72	
73	74	75	76	77	78	79	71	63	

Step: 175
State:
1	2	3	4	5	6	7	17	8	
10	11	12	13	14	15	16	26	9	
19	20	21	22	23	24	25		18	
28	29	30	31	32	33	34	35	27	
37	38	39	40	41	42	43	44	36	
46	47	48	49	50	51	52	53	45	
55	56	57	58	59	60	61	62	54	
64	65	66	67	68	69	70	80	72	
73	74	75	76	77	78	79	71	63	

Step: 176
State:
1	2	3	4	5	6	7	17	8	
10	11	12	13	14	15	16		9	
19	20	21	22	23	24	25	26	18	
28	29	30	31	32	33	34	35	27	
37	38	39	40	41	42	43	44	36	
46	47	48	49	50	51	52	53	45	
55	56	57	58	59	60	61	62	54	
64	65	66	67	68	69	70	80	72	
73	74	75	76	77	78	79	71	63	

Step: 177
State:
1	2	3	4	5	6	7		8	
10	11	12	13	14	15	16	17	9	
19	20	21	22	23	24	25	26	18	
28	29	30	31	32	33	34	35	27	
37	38	39	40	41	42	43	44	36	
46	47	48	49	50	51	52	53	45	
55	56	57	58	59	60	61	62	54	
64	65	66	67	68	69	70	80	72	
73	74	75	76	77	78	79	71	63	

Step: 178
State:
1	2	3	4	5	6	7	8		
10	11	12	13	14	15	16	17	9	
19	20	21	22	23	24	25	26	18	
28	29	30	31	32	33	34	35	27	
37	38	39	40	41	42	43	44	36	
46	47	48	49	50	51	52	53	45	
55	56	57	58	59	60	61	62	54	
64	65	66	67	68	69	70	80	72	
73	74	75	76	77	78	79	71	63	

Step: 179
State:
1	2	3	4	5	6	7	8	9	
10	11	12	13	14	15	16	17		
19	20	21	22	23	24	25	26	18	
28	29	30	31	32	33	34	35	27	
37	38	39	40	41	42	43	44	36	
46	47	48	49	50	51	52	53	45	
55	56	57	58	59	60	61	62	54	
64	65	66	67	68	69	70	80	72	
73	74	75	76	77	78	79	71	63	

Step: 180
State:
1	2	3	4	5	6	7	8	9	
10	11	12	13	14	15	16	17	18	
19	20	21	22	23	24	25	26		
28	29	30	31	32	33	34	35	27	
37	38	39	40	41	42	43	44	36	
46	47	48	49	50	51	52	53	45	
55	56	57	58	59	60	61	62	54	
64	65	66	67	68	69	70	80	72	
73	74	75	76	77	78	79	71	63	

Step: 181
State:
1	2	3	4	5	6	7	8	9	
10	11	12	13	14	15	16	17	18	
19	20	21	22	23	24	25	26	27	
28	29	30	31	32	33	34	35		
37	38	39	40	41	42	43	44	36	
46	47	48	49	50	51	52	53	45	
55	56	57	58	59	60	61	62	54	
64	65	66	67	68	69	70	80	72	
73	74	75	76	77	78	79	71	63	

Step: 182
State:
1	2	3	4	5	6	7	8	9	
10	11	12	13	14	15	16	17	18	
19	20	21	22	23	24	25	26	27	
28	29	30	31	32	33	34	35	36	
37	38	39	40	41	42	43	44		
46	47	48	49	50	51	52	53	45	
55	56	57	58	59	60	61	62	54	
64	65	66	67	68	69	70	80	72	
73	74	75	76	77	78	79	71	63	

Step: 183
State:
1	2	3	4	5	6	7	8	9	
10	11	12	13	14	15	16	17	18	
19	20	21	22	23	24	25	26	27	
28	29	30	31	32	33	34	35	36	
37	38	39	40	41	42	43	44	45	
46	47	48	49	50	51	52	53		
55	56	57	58	59	60	61	62	54	
64	65	66	67	68	69	70	80	72	
73	74	75	76	77	78	79	71	63	

Step: 184
State:
1	2	3	4	5	6	7	8	9	
10	11	12	13	14	15	16	17	18	
19	20	21	22	23	24	25	26	27	
28	29	30	31	32	33	34	35	36	
37	38	39	40	41	42	43	44	45	
46	47	48	49	50	51	52	53	54	
55	56	57	58	59	60	61	62		
64	65	66	67	68	69	70	80	72	
73	74	75	76	77	78	79	71	63	

Step: 185
State:
1	2	3	4	5	6	7	8	9	
10	11	12	13	14	15	16	17	18	
19	20	21	22	23	24	25	26	27	
28	29	30	31	32	33	34	35	36	
37	38	39	40	41	42	43	44	45	
46	47	48	49	50	51	52	53	54	
55	56	57	58	59	60	61	62	72	
64	65	66	67	68	69	70	80		
73	74	75	76	77	78	79	71	63	

Step: 186
State:
1	2	3	4	5	6	7	8	9	
10	11	12	13	14	15	16	17	18	
19	20	21	22	23	24	25	26	27	
28	29	30	31	32	33	34	35	36	
37	38	39	40	41	42	43	44	45	
46	47	48	49	50	51	52	53	54	
55	56	57	58	59	60	61	62	72	
64	65	66	67	68	69	70	80	63	
73	74	75	76	77	78	79	71		

Step: 187
State:
1	2	3	4	5	6	7	8	9	
10	11	12	13	14	15	16	17	18	
19	20	21	22	23	24	25	26	27	
28	29	30	31	32	33	34	35	36	
37	38	39	40	41	42	43	44	45	
46	47	48	49	50	51	52	53	54	
55	56	57	58	59	60	61	62	72	
64	65	66	67	68	69	70	80	63	
73	74	75	76	77	78	79		71	

Step: 188
State:
1	2	3	4	5	6	7	8	9	
10	11	12	13	14	15	16	17	18	
19	20	21	22	23	24	25	26	27	
28	29	30	31	32	33	34	35	36	
37	38	39	40	41	42	43	44	45	
46	47	48	49	50	51	52	53	54	
55	56	57	58	59	60	61	62	72	
64	65	66	67	68	69	70		63	
73	74	75	76	77	78	79	80	71	

Step: 189
State:
1	2	3	4	5	6	7	8	9	
10	11	12	13	14	15	16	17	18	
19	20	21	22	23	24	25	26	27	
28	29	30	31	32	33	34	35	36	
37	38	39	40	41	42	43	44	45	
46	47	48	49	50	51	52	53	54	
55	56	57	58	59	60	61	62	72	
64	65	66	67	68	69	70	63		
73	74	75	76	77	78	79	80	71	

Step: 190
State:
1	2	3	4	5	6	7	8	9	
10	11	12	13	14	15	16	17	18	
19	20	21	22	23	24	25	26	27	
28	29	30	31	32	33	34	35	36	
37	38	39	40	41	42	43	44	45	
46	47	48	49	50	51	52	53	54	
55	56	57	58	59	60	61	62	72	
64	65	66	67	68	69	70	63	71	
73	74	75	76	77	78	79	80		

Step: 191
State:
1	2	3	4	5	6	7	8	9	
10	11	12	13	14	15	16	17	18	
19	20	21	22	23	24	25	26	27	
28	29	30	31	32	33	34	35	36	
37	38	39	40	41	42	43	44	45	
46	47	48	49	50	51	52	53	54	
55	56	57	58	59	60	61	62	72	
64	65	66	67	68	69	70	63	71	
73	74	75	76	77	78	79		80	

Step: 192
State:
1	2	3	4	5	6	7	8	9	
10	11	12	13	14	15	16	17	18	
19	20	21	22	23	24	25	26	27	
28	29	30	31	32	33	34	35	36	
37	38	39	40	41	42	43	44	45	
46	47	48	49	50	51	52	53	54	
55	56	57	58	59	60	61	62	72	
64	65	66	67	68	69	70		71	
73	74	75	76	77	78	79	63	80	

Step: 193
State:
1	2	3	4	5	6	7	8	9	
10	11	12	13	14	15	16	17	18	
19	20	21	22	23	24	25	26	27	
28	29	30	31	32	33	34	35	36	
37	38	39	40	41	42	43	44	45	
46	47	48	49	50	51	52	53	54	
55	56	57	58	59	60	61	62	72	
64	65	66	67	68	69	70	71		
73	74	75	76	77	78	79	63	80	

Step: 194
State:
1	2	3	4	5	6	7	8	9	
10	11	12	13	14	15	16	17	18	
19	20	21	22	23	24	25	26	27	
28	29	30	31	32	33	34	35	36	
37	38	39	40	41	42	43	44	45	
46	47	48	49	50	51	52	53	54	
55	56	57	58	59	60	61	62		
64	65	66	67	68	69	70	71	72	
73	74	75	76	77	78	79	63	80	

Step: 195
State:
1	2	3	4	5	6	7	8	9	
10	11	12	13	14	15	16	17	18	
19	20	21	22	23	24	25	26	27	
28	29	30	31	32	33	34	35	36	
37	38	39	40	41	42	43	44	45	
46	47	48	49	50	51	52	53		
55	56	57	58	59	60	61	62	54	
64	65	66	67	68	69	70	71	72	
73	74	75	76	77	78	79	63	80	

Step: 196
State:
1	2	3	4	5	6	7	8	9	
10	11	12	13	14	15	16	17	18	
19	20	21	22	23	24	25	26	27	
28	29	30	31	32	33	34	35	36	
37	38	39	40	41	42	43	44		
46	47	48	49	50	51	52	53	45	
55	56	57	58	59	60	61	62	54	
64	65	66	67	68	69	70	71	72	
73	74	75	76	77	78	79	63	80	

Step: 197
State:
1	2	3	4	5	6	7	8	9	
10	11	12	13	14	15	16	17	18	
19	20	21	22	23	24	25	26	27	
28	29	30	31	32	33	34	35		
37	38	39	40	41	42	43	44	36	
46	47	48	49	50	51	52	53	45	
55	56	57	58	59	60	61	62	54	
64	65	66	67	68	69	70	71	72	
73	74	75	76	77	78	79	63	80	

Step: 198
State:
1	2	3	4	5	6	7	8	9	
10	11	12	13	14	15	16	17	18	
19	20	21	22	23	24	25	26		
28	29	30	31	32	33	34	35	27	
37	38	39	40	41	42	43	44	36	
46	47	48	49	50	51	52	53	45	
55	56	57	58	59	60	61	62	54	
64	65	66	67	68	69	70	71	72	
73	74	75	76	77	78	79	63	80	

Step: 199
State:
1	2	3	4	5	6	7	8	9	
10	11	12	13	14	15	16	17		
19	20	21	22	23	24	25	26	18	
28	29	30	31	32	33	34	35	27	
37	38	39	40	41	42	43	44	36	
46	47	48	49	50	51	52	53	45	
55	56	57	58	59	60	61	62	54	
64	65	66	67	68	69	70	71	72	
73	74	75	76	77	78	79	63	80	

Step: 200
State:
1	2	3	4	5	6	7	8		
10	11	12	13	14	15	16	17	9	
19	20	21	22	23	24	25	26	18	
28	29	30	31	32	33	34	35	27	
37	38	39	40	41	42	43	44	36	
46	47	48	49	50	51	52	53	45	
55	56	57	58	59	60	61	62	54	
64	65	66	67	68	69	70	71	72	
73	74	75	76	77	78	79	63	80	

Step: 201
State:
1	2	3	4	5	6	7		8	
10	11	12	13	14	15	16	17	9	
19	20	21	22	23	24	25	26	18	
28	29	30	31	32	33	34	35	27	
37	38	39	40	41	42	43	44	36	
46	47	48	49	50	51	52	53	45	
55	56	57	58	59	60	61	62	54	
64	65	66	67	68	69	70	71	72	
73	74	75	76	77	78	79	63	80	

Step: 202
State:
1	2	3	4	5	6	7	17	8	
10	11	12	13	14	15	16		9	
19	20	21	22	23	24	25	26	18	
28	29	30	31	32	33	34	35	27	
37	38	39	40	41	42	43	44	36	
46	47	48	49	50	51	52	53	45	
55	56	57	58	59	60	61	62	54	
64	65	66	67	68	69	70	71	72	
73	74	75	76	77	78	79	63	80	

Step: 203
State:
1	2	3	4	5	6	7	17	8	
10	11	12	13	14	15	16	26	9	
19	20	21	22	23	24	25		18	
28	29	30	31	32	33	34	35	27	
37	38	39	40	41	42	43	44	36	
46	47	48	49	50	51	52	53	45	
55	56	57	58	59	60	61	62	54	
64	65	66	67	68	69	70	71	72	
73	74	75	76	77	78	79	63	80	

Step: 204
State:
1	2	3	4	5	6	7	17	8	
10	11	12	13	14	15	16	26	9	
19	20	21	22	23	24	25	35	18	
28	29	30	31	32	33	34		27	
37	38	39	40	41	42	43	44	36	
46	47	48	49	50	51	52	53	45	
55	56	57	58	59	60	61	62	54	
64	65	66	67	68	69	70	71	72	
73	74	75	76	77	78	79	63	80	

Step: 205
State:
1	2	3	4	5	6	7	17	8	
10	11	12	13	14	15	16	26	9	
19	20	21	22	23	24	25	35	18	
28	29	30	31	32	33	34	44	27	
37	38	39	40	41	42	43		36	
46	47	48	49	50	51	52	53	45	
55	56	57	58	59	60	61	62	54	
64	65	66	67	68	69	70	71	72	
73	74	75	76	77	78	79	63	80	

Step: 206
State:
1	2	3	4	5	6	7	17	8	
10	11	12	13	14	15	16	26	9	
19	20	21	22	23	24	25	35	18	
28	29	30	31	32	33	34	44	27	
37	38	39	40	41	42	43	53	36	
46	47	48	49	50	51	52		45	
55	56	57	58	59	60	61	62	54	
64	65	66	67	68	69	70	71	72	
73	74	75	76	77	78	79	63	80	

Step: 207
State:
1	2	3	4	5	6	7	17	8	
10	11	12	13	14	15	16	26	9	
19	20	21	22	23	24	25	35	18	
28	29	30	31	32	33	34	44	27	
37	38	39	40	41	42	43	53	36	
46	47	48	49	50	51	52	62	45	
55	56	57	58	59	60	61		54	
64	65	66	67	68	69	70	71	72	
73	74	75	76	77	78	79	63	80	

Step: 208
State:
1	2	3	4	5	6	7	17	8	
10	11	12	13	14	15	16	26	9	
19	20	21	22	23	24	25	35	18	
28	29	30	31	32	33	34	44	27	
37	38	39	40	41	42	43	53	36	
46	47	48	49	50	51	52	62	45	
55	56	57	58	59	60	61	71	54	
64	65	66	67	68	69	70		72	
73	74	75	76	77	78	79	63	80	

Step: 209
State:
1	2	3	4	5	6	7	17	8	
10	11	12	13	14	15	16	26	9	
19	20	21	22	23	24	25	35	18	
28	29	30	31	32	33	34	44	27	
37	38	39	40	41	42	43	53	36	
46	47	48	49	50	51	52	62	45	
55	56	57	58	59	60	61	71	54	
64	65	66	67	68	69	70	63	72	
73	74	75	76	77	78	79		80	

Step: 210
State:
1	2	3	4	5	6	7	17	8	
10	11	12	13	14	15	16	26	9	
19	20	21	22	23	24	25	35	18	
28	29	30	31	32	33	34	44	27	
37	38	39	40	41	42	43	53	36	
46	47	48	49	50	51	52	62	45	
55	56	57	58	59	60	61	71	54	
64	65	66	67	68	69	70	63	72	
73	74	75	76	77	78	79	80		

Step: 211
State:
1	2	3	4	5	6	7	17	8	
10	11	12	13	14	15	16	26	9	
19	20	21	22	23	24	25	35	18	
28	29	30	31	32	33	34	44	27	
37	38	39	40	41	42	43	53	36	
46	47	48	49	50	51	52	62	45	
55	56	57	58	59	60	61	71	54	
64	65	66	67	68	69	70	63		
73	74	75	76	77	78	79	80	72	

Step: 212
State:
1	2	3	4	5	6	7	17	8	
10	11	12	13	14	15	16	26	9	
19	20	21	22	23	24	25	35	18	
28	29	30	31	32	33	34	44	27	
37	38	39	40	41	42	43	53	36	
46	47	48	49	50	51	52	62	45	
55	56	57	58	59	60	61	71	54	
64	65	66	67	68	69	70		63	
73	74	75	76	77	78	79	80	72	

Step: 213
State:
1	2	3	4	5	6	7	17	8	
10	11	12	13	14	15	16	26	9	
19	20	21	22	23	24	25	35	18	
28	29	30	31	32	33	34	44	27	
37	38	39	40	41	42	43	53	36	
46	47	48	49	50	51	52	62	45	
55	56	57	58	59	60	61		54	
64	65	66	67	68	69	70	71	63	
73	74	75	76	77	78	79	80	72	

Step: 214
State:
1	2	3	4	5	6	7	17	8	
10	11	12	13	14	15	16	26	9	
19	20	21	22	23	24	25	35	18	
28	29	30	31	32	33	34	44	27	
37	38	39	40	41	42	43	53	36	
46	47	48	49	50	51	52		45	
55	56	57	58	59	60	61	62	54	
64	65	66	67	68	69	70	71	63	
73	74	75	76	77	78	79	80	72	

Step: 215
State:
1	2	3	4	5	6	7	17	8	
10	11	12	13	14	15	16	26	9	
19	20	21	22	23	24	25	35	18	
28	29	30	31	32	33	34	44	27	
37	38	39	40	41	42	43		36	
46	47	48	49	50	51	52	53	45	
55	56	57	58	59	60	61	62	54	
64	65	66	67	68	69	70	71	63	
73	74	75	76	77	78	79	80	72	

Step: 216
State:
1	2	3	4	5	6	7	17	8	
10	11	12	13	14	15	16	26	9	
19	20	21	22	23	24	25	35	18	
28	29	30	31	32	33	34		27	
37	38	39	40	41	42	43	44	36	
46	47	48	49	50	51	52	53	45	
55	56	57	58	59	60	61	62	54	
64	65	66	67	68	69	70	71	63	
73	74	75	76	77	78	79	80	72	

Step: 217
State:
1	2	3	4	5	6	7	17	8	
10	11	12	13	14	15	16	26	9	
19	20	21	22	23	24	25		18	
28	29	30	31	32	33	34	35	27	
37	38	39	40	41	42	43	44	36	
46	47	48	49	50	51	52	53	45	
55	56	57	58	59	60	61	62	54	
64	65	66	67	68	69	70	71	63	
73	74	75	76	77	78	79	80	72	

Step: 218
State:
1	2	3	4	5	6	7	17	8	
10	11	12	13	14	15	16		9	
19	20	21	22	23	24	25	26	18	
28	29	30	31	32	33	34	35	27	
37	38	39	40	41	42	43	44	36	
46	47	48	49	50	51	52	53	45	
55	56	57	58	59	60	61	62	54	
64	65	66	67	68	69	70	71	63	
73	74	75	76	77	78	79	80	72	

Step: 219
State:
1	2	3	4	5	6	7		8	
10	11	12	13	14	15	16	17	9	
19	20	21	22	23	24	25	26	18	
28	29	30	31	32	33	34	35	27	
37	38	39	40	41	42	43	44	36	
46	47	48	49	50	51	52	53	45	
55	56	57	58	59	60	61	62	54	
64	65	66	67	68	69	70	71	63	
73	74	75	76	77	78	79	80	72	

Step: 220
State:
1	2	3	4	5	6	7	8		
10	11	12	13	14	15	16	17	9	
19	20	21	22	23	24	25	26	18	
28	29	30	31	32	33	34	35	27	
37	38	39	40	41	42	43	44	36	
46	47	48	49	50	51	52	53	45	
55	56	57	58	59	60	61	62	54	
64	65	66	67	68	69	70	71	63	
73	74	75	76	77	78	79	80	72	

Step: 221
State:
1	2	3	4	5	6	7	8	9	
10	11	12	13	14	15	16	17		
19	20	21	22	23	24	25	26	18	
28	29	30	31	32	33	34	35	27	
37	38	39	40	41	42	43	44	36	
46	47	48	49	50	51	52	53	45	
55	56	57	58	59	60	61	62	54	
64	65	66	67	68	69	70	71	63	
73	74	75	76	77	78	79	80	72	

Step: 222
State:
1	2	3	4	5	6	7	8	9	
10	11	12	13	14	15	16	17	18	
19	20	21	22	23	24	25	26		
28	29	30	31	32	33	34	35	27	
37	38	39	40	41	42	43	44	36	
46	47	48	49	50	51	52	53	45	
55	56	57	58	59	60	61	62	54	
64	65	66	67	68	69	70	71	63	
73	74	75	76	77	78	79	80	72	

Step: 223
State:
1	2	3	4	5	6	7	8	9	
10	11	12	13	14	15	16	17	18	
19	20	21	22	23	24	25	26	27	
28	29	30	31	32	33	34	35		
37	38	39	40	41	42	43	44	36	
46	47	48	49	50	51	52	53	45	
55	56	57	58	59	60	61	62	54	
64	65	66	67	68	69	70	71	63	
73	74	75	76	77	78	79	80	72	

Step: 224
State:
1	2	3	4	5	6	7	8	9	
10	11	12	13	14	15	16	17	18	
19	20	21	22	23	24	25	26	27	
28	29	30	31	32	33	34	35	36	
37	38	39	40	41	42	43	44		
46	47	48	49	50	51	52	53	45	
55	56	57	58	59	60	61	62	54	
64	65	66	67	68	69	70	71	63	
73	74	75	76	77	78	79	80	72	

Step: 225
State:
1	2	3	4	5	6	7	8	9	
10	11	12	13	14	15	16	17	18	
19	20	21	22	23	24	25	26	27	
28	29	30	31	32	33	34	35	36	
37	38	39	40	41	42	43	44	45	
46	47	48	49	50	51	52	53		
55	56	57	58	59	60	61	62	54	
64	65	66	67	68	69	70	71	63	
73	74	75	76	77	78	79	80	72	

Step: 226
State:
1	2	3	4	5	6	7	8	9	
10	11	12	13	14	15	16	17	18	
19	20	21	22	23	24	25	26	27	
28	29	30	31	32	33	34	35	36	
37	38	39	40	41	42	43	44	45	
46	47	48	49	50	51	52	53	54	
55	56	57	58	59	60	61	62		
64	65	66	67	68	69	70	71	63	
73	74	75	76	77	78	79	80	72	

Step: 227
State:
1	2	3	4	5	6	7	8	9	
10	11	12	13	14	15	16	17	18	
19	20	21	22	23	24	25	26	27	
28	29	30	31	32	33	34	35	36	
37	38	39	40	41	42	43	44	45	
46	47	48	49	50	51	52	53	54	
55	56	57	58	59	60	61	62	63	
64	65	66	67	68	69	70	71		
73	74	75	76	77	78	79	80	72	

Step: 228
State:
1	2	3	4	5	6	7	8	9	
10	11	12	13	14	15	16	17	18	
19	20	21	22	23	24	25	26	27	
28	29	30	31	32	33	34	35	36	
37	38	39	40	41	42	43	44	45	
46	47	48	49	50	51	52	53	54	
55	56	57	58	59	60	61	62	63	
64	65	66	67	68	69	70	71	72	
73	74	75	76	77	78	79	80		

=============== USING A* ===============
Step: 1
State:
1	2	3	4	5	6	7	8	9	
10	11	12	13	14	15	16	17	18	
19	20	21	22	23	24	25	26	27	
28	29	30	31	32	33	34	35	36	
37	38	39	40	41	42	43	44	45	
46	47	48	49	50	51	52	53	54	
55	56	57	58	59		61	62	63	
64	65	66	67	68	60	71	79	72	
73	74	75	76	77	69	78	70	80	

Step: 2
State:
1	2	3	4	5	6	7	8	9	
10	11	12	13	14	15	16	17	18	
19	20	21	22	23	24	25	26	27	
28	29	30	31	32	33	34	35	36	
37	38	39	40	41	42	43	44	45	
46	47	48	49	50	51	52	53	54	
55	56	57	58	59	60	61	62	63	
64	65	66	67	68		71	79	72	
73	74	75	76	77	69	78	70	80	

Step: 3
State:
1	2	3	4	5	6	7	8	9	
10	11	12	13	14	15	16	17	18	
19	20	21	22	23	24	25	26	27	
28	29	30	31	32	33	34	35	36	
37	38	39	40	41	42	43	44	45	
46	47	48	49	50	51	52	53	54	
55	56	57	58	59	60	61	62	63	
64	65	66	67	68	69	71	79	72	
73	74	75	76	77		78	70	80	

Step: 4
State:
1	2	3	4	5	6	7	8	9	
10	11	12	13	14	15	16	17	18	
19	20	21	22	23	24	25	26	27	
28	29	30	31	32	33	34	35	36	
37	38	39	40	41	42	43	44	45	
46	47	48	49	50	51	52	53	54	
55	56	57	58	59	60	61	62	63	
64	65	66	67	68	69	71	79	72	
73	74	75	76	77	78		70	80	

Step: 5
State:
1	2	3	4	5	6	7	8	9	
10	11	12	13	14	15	16	17	18	
19	20	21	22	23	24	25	26	27	
28	29	30	31	32	33	34	35	36	
37	38	39	40	41	42	43	44	45	
46	47	48	49	50	51	52	53	54	
55	56	57	58	59	60	61	62	63	
64	65	66	67	68	69	71	79	72	
73	74	75	76	77	78	70		80	

Step: 6
State:
1	2	3	4	5	6	7	8	9	
10	11	12	13	14	15	16	17	18	
19	20	21	22	23	24	25	26	27	
28	29	30	31	32	33	34	35	36	
37	38	39	40	41	42	43	44	45	
46	47	48	49	50	51	52	53	54	
55	56	57	58	59	60	61	62	63	
64	65	66	67	68	69	71		72	
73	74	75	76	77	78	70	79	80	

Step: 7
State:
1	2	3	4	5	6	7	8	9	
10	11	12	13	14	15	16	17	18	
19	20	21	22	23	24	25	26	27	
28	29	30	31	32	33	34	35	36	
37	38	39	40	41	42	43	44	45	
46	47	48	49	50	51	52	53	54	
55	56	57	58	59	60	61	62	63	
64	65	66	67	68	69		71	72	
73	74	75	76	77	78	70	79	80	

Step: 8
State:
1	2	3	4	5	6	7	8	9	
10	11	12	13	14	15	16	17	18	
19	20	21	22	23	24	25	26	27	
28	29	30	31	32	33	34	35	36	
37	38	39	40	41	42	43	44	45	
46	47	48	49	50	51	52	53	54	
55	56	57	58	59	60	61	62	63	
64	65	66	67	68	69	70	71	72	
73	74	75	76	77	78		79	80	

Step: 9
State:
1	2	3	4	5	6	7	8	9	
10	11	12	13	14	15	16	17	18	
19	20	21	22	23	24	25	26	27	
28	29	30	31	32	33	34	35	36	
37	38	39	40	41	42	43	44	45	
46	47	48	49	50	51	52	53	54	
55	56	57	58	59	60	61	62	63	
64	65	66	67	68	69	70	71	72	
73	74	75	76	77	78	79		80	

Step: 10
State:
1	2	3	4	5	6	7	8	9	
10	11	12	13	14	15	16	17	18	
19	20	21	22	23	24	25	26	27	
28	29	30	31	32	33	34	35	36	
37	38	39	40	41	42	43	44	45	
46	47	48	49	50	51	52	53	54	
55	56	57	58	59	60	61	62	63	
64	65	66	67	68	69	70	71	72	
73	74	75	76	77	78	79	80		

=============== USING GREEDY ===============
Traceback (most recent call last):
  File "run_examples.py", line 36, in <module>
    solution = Core.greedy(root, Game)
  File "/mnt/c/Users/Victor Sales/Google Drive/Victor/ITA/COMP/Term 4/CTC-17/Lab/Projeto 1/Core.py", line 34, in greedy
    leaf_node = greedy(hp.heappop(node.children), MainClass)
  File "/mnt/c/Users/Victor Sales/Google Drive/Victor/ITA/COMP/Term 4/CTC-17/Lab/Projeto 1/Core.py", line 34, in greedy
    leaf_node = greedy(hp.heappop(node.children), MainClass)
  File "/mnt/c/Users/Victor Sales/Google Drive/Victor/ITA/COMP/Term 4/CTC-17/Lab/Projeto 1/Core.py", line 34, in greedy
    leaf_node = greedy(hp.heappop(node.children), MainClass)
  [Previous line repeated 985 more times]
  File "/mnt/c/Users/Victor Sales/Google Drive/Victor/ITA/COMP/Term 4/CTC-17/Lab/Projeto 1/Core.py", line 27, in greedy
    actions = MainClass.getActions(node.state)
  File "/mnt/c/Users/Victor Sales/Google Drive/Victor/ITA/COMP/Term 4/CTC-17/Lab/Projeto 1/Problema2.py", line 92, in getActions
    new_game = copy.deepcopy(game)
  File "/usr/lib/python3.7/copy.py", line 180, in deepcopy
    y = _reconstruct(x, memo, *rv)
  File "/usr/lib/python3.7/copy.py", line 280, in _reconstruct
    state = deepcopy(state, memo)
  File "/usr/lib/python3.7/copy.py", line 150, in deepcopy
    y = copier(x, memo)
  File "/usr/lib/python3.7/copy.py", line 240, in _deepcopy_dict
    y[deepcopy(key, memo)] = deepcopy(value, memo)
  File "/usr/lib/python3.7/copy.py", line 150, in deepcopy
    y = copier(x, memo)
  File "/usr/lib/python3.7/copy.py", line 215, in _deepcopy_list
    append(deepcopy(a, memo))
  File "/usr/lib/python3.7/copy.py", line 150, in deepcopy
    y = copier(x, memo)
  File "/usr/lib/python3.7/copy.py", line 215, in _deepcopy_list
    append(deepcopy(a, memo))
  File "/usr/lib/python3.7/copy.py", line 141, in deepcopy
    d = id(x)
RecursionError: maximum recursion depth exceeded while calling a Python object
