=============== USING GREEDY ===============
Step: 1
State:
1	2	3	4	5	6	7	8	9	
10	11	12	13	14	15	16	17	18	
19	20	21	22	23	24	25	26	27	
28	29	30	31	32	33	34	35	36	
37	38	39	40	41	42	43	44	45	
46	47	48	49	50	51	52		53	
55	56	57	58	59	60	61	62	54	
64	65	66	67	68	69	70	72	63	
73	74	75	76	77	78	79	71	80	

Step: 2
State:
1	2	3	4	5	6	7	8	9	
10	11	12	13	14	15	16	17	18	
19	20	21	22	23	24	25	26	27	
28	29	30	31	32	33	34	35	36	
37	38	39	40	41	42	43	44	45	
46	47	48	49	50	51	52	53		
55	56	57	58	59	60	61	62	54	
64	65	66	67	68	69	70	72	63	
73	74	75	76	77	78	79	71	80	

Step: 3
State:
1	2	3	4	5	6	7	8	9	
10	11	12	13	14	15	16	17	18	
19	20	21	22	23	24	25	26	27	
28	29	30	31	32	33	34	35	36	
37	38	39	40	41	42	43	44	45	
46	47	48	49	50	51	52	53	54	
55	56	57	58	59	60	61	62		
64	65	66	67	68	69	70	72	63	
73	74	75	76	77	78	79	71	80	

Step: 4
State:
1	2	3	4	5	6	7	8	9	
10	11	12	13	14	15	16	17	18	
19	20	21	22	23	24	25	26	27	
28	29	30	31	32	33	34	35	36	
37	38	39	40	41	42	43	44	45	
46	47	48	49	50	51	52	53	54	
55	56	57	58	59	60	61	62	63	
64	65	66	67	68	69	70	72		
73	74	75	76	77	78	79	71	80	

Step: 5
State:
1	2	3	4	5	6	7	8	9	
10	11	12	13	14	15	16	17	18	
19	20	21	22	23	24	25	26	27	
28	29	30	31	32	33	34	35	36	
37	38	39	40	41	42	43	44	45	
46	47	48	49	50	51	52	53	54	
55	56	57	58	59	60	61	62	63	
64	65	66	67	68	69	70	72	80	
73	74	75	76	77	78	79	71		

Step: 6
State:
1	2	3	4	5	6	7	8	9	
10	11	12	13	14	15	16	17	18	
19	20	21	22	23	24	25	26	27	
28	29	30	31	32	33	34	35	36	
37	38	39	40	41	42	43	44	45	
46	47	48	49	50	51	52	53	54	
55	56	57	58	59	60	61	62	63	
64	65	66	67	68	69	70	72	80	
73	74	75	76	77	78	79		71	

Step: 7
State:
1	2	3	4	5	6	7	8	9	
10	11	12	13	14	15	16	17	18	
19	20	21	22	23	24	25	26	27	
28	29	30	31	32	33	34	35	36	
37	38	39	40	41	42	43	44	45	
46	47	48	49	50	51	52	53	54	
55	56	57	58	59	60	61	62	63	
64	65	66	67	68	69	70		80	
73	74	75	76	77	78	79	72	71	

Step: 8
State:
1	2	3	4	5	6	7	8	9	
10	11	12	13	14	15	16	17	18	
19	20	21	22	23	24	25	26	27	
28	29	30	31	32	33	34	35	36	
37	38	39	40	41	42	43	44	45	
46	47	48	49	50	51	52	53	54	
55	56	57	58	59	60	61	62	63	
64	65	66	67	68	69	70	80		
73	74	75	76	77	78	79	72	71	

Step: 9
State:
1	2	3	4	5	6	7	8	9	
10	11	12	13	14	15	16	17	18	
19	20	21	22	23	24	25	26	27	
28	29	30	31	32	33	34	35	36	
37	38	39	40	41	42	43	44	45	
46	47	48	49	50	51	52	53	54	
55	56	57	58	59	60	61	62	63	
64	65	66	67	68	69	70	80	71	
73	74	75	76	77	78	79	72		

Step: 10
State:
1	2	3	4	5	6	7	8	9	
10	11	12	13	14	15	16	17	18	
19	20	21	22	23	24	25	26	27	
28	29	30	31	32	33	34	35	36	
37	38	39	40	41	42	43	44	45	
46	47	48	49	50	51	52	53	54	
55	56	57	58	59	60	61	62	63	
64	65	66	67	68	69	70	80	71	
73	74	75	76	77	78	79		72	

Step: 11
State:
1	2	3	4	5	6	7	8	9	
10	11	12	13	14	15	16	17	18	
19	20	21	22	23	24	25	26	27	
28	29	30	31	32	33	34	35	36	
37	38	39	40	41	42	43	44	45	
46	47	48	49	50	51	52	53	54	
55	56	57	58	59	60	61	62	63	
64	65	66	67	68	69	70		71	
73	74	75	76	77	78	79	80	72	

Step: 12
State:
1	2	3	4	5	6	7	8	9	
10	11	12	13	14	15	16	17	18	
19	20	21	22	23	24	25	26	27	
28	29	30	31	32	33	34	35	36	
37	38	39	40	41	42	43	44	45	
46	47	48	49	50	51	52	53	54	
55	56	57	58	59	60	61	62	63	
64	65	66	67	68	69	70	71		
73	74	75	76	77	78	79	80	72	

Step: 13
State:
1	2	3	4	5	6	7	8	9	
10	11	12	13	14	15	16	17	18	
19	20	21	22	23	24	25	26	27	
28	29	30	31	32	33	34	35	36	
37	38	39	40	41	42	43	44	45	
46	47	48	49	50	51	52	53	54	
55	56	57	58	59	60	61	62	63	
64	65	66	67	68	69	70	71	72	
73	74	75	76	77	78	79	80		

=============== USING A* ===============
Step: 1
State:
1	2	3	4	5	6	7	8	9	
10	11	12	13	14	15	16	17	18	
19	20	21	22	23	24	25	26	27	
28	29	30	31	32	33	34	35	36	
37	38	39	40	41	42	43	44	45	
46	47	48	49	50	51	52		53	
55	56	57	58	59	60	61	62	54	
64	65	66	67	68	69	70	72	63	
73	74	75	76	77	78	79	71	80	

Step: 2
State:
1	2	3	4	5	6	7	8	9	
10	11	12	13	14	15	16	17	18	
19	20	21	22	23	24	25	26	27	
28	29	30	31	32	33	34	35	36	
37	38	39	40	41	42	43	44	45	
46	47	48	49	50	51	52	53		
55	56	57	58	59	60	61	62	54	
64	65	66	67	68	69	70	72	63	
73	74	75	76	77	78	79	71	80	

Step: 3
State:
1	2	3	4	5	6	7	8	9	
10	11	12	13	14	15	16	17	18	
19	20	21	22	23	24	25	26	27	
28	29	30	31	32	33	34	35	36	
37	38	39	40	41	42	43	44	45	
46	47	48	49	50	51	52	53	54	
55	56	57	58	59	60	61	62		
64	65	66	67	68	69	70	72	63	
73	74	75	76	77	78	79	71	80	

Step: 4
State:
1	2	3	4	5	6	7	8	9	
10	11	12	13	14	15	16	17	18	
19	20	21	22	23	24	25	26	27	
28	29	30	31	32	33	34	35	36	
37	38	39	40	41	42	43	44	45	
46	47	48	49	50	51	52	53	54	
55	56	57	58	59	60	61	62	63	
64	65	66	67	68	69	70	72		
73	74	75	76	77	78	79	71	80	

Step: 5
State:
1	2	3	4	5	6	7	8	9	
10	11	12	13	14	15	16	17	18	
19	20	21	22	23	24	25	26	27	
28	29	30	31	32	33	34	35	36	
37	38	39	40	41	42	43	44	45	
46	47	48	49	50	51	52	53	54	
55	56	57	58	59	60	61	62	63	
64	65	66	67	68	69	70		72	
73	74	75	76	77	78	79	71	80	

Step: 6
State:
1	2	3	4	5	6	7	8	9	
10	11	12	13	14	15	16	17	18	
19	20	21	22	23	24	25	26	27	
28	29	30	31	32	33	34	35	36	
37	38	39	40	41	42	43	44	45	
46	47	48	49	50	51	52	53	54	
55	56	57	58	59	60	61	62	63	
64	65	66	67	68	69	70	71	72	
73	74	75	76	77	78	79		80	

Step: 7
State:
1	2	3	4	5	6	7	8	9	
10	11	12	13	14	15	16	17	18	
19	20	21	22	23	24	25	26	27	
28	29	30	31	32	33	34	35	36	
37	38	39	40	41	42	43	44	45	
46	47	48	49	50	51	52	53	54	
55	56	57	58	59	60	61	62	63	
64	65	66	67	68	69	70	71	72	
73	74	75	76	77	78	79	80		

